run_id,n,aqg_us,classic_us,gnfs_us,aqg_factor_count,classic_factor_count,gnfs_factor_count
1,216432919907119,605,16,14,3,3,3
2,229452847591531,28,17,19,4,4,4
3,961122554116985,37,32,23,6,6,6
4,126327541407523,56,9,7,4,4,4
5,113640557885271,1671,11,10,4,4,4
6,711310121373375,396,20,22,9,9,9
7,703033435172711,437,58,84,3,3,3
8,782782859229037,1941,19,21,2,2,2
9,259722724142819,128,41,46,4,4,4
10,549208299573205,549,75,97,3,3,3
11,909949640457771,800,13,59,6,6,6
12,525237374692301,26,11,12,2,2,2
13,928384798412455,90,84,30,4,4,4
14,762681296245261,472,52,106,2,2,2
15,571738732938335,385,11,13,3,3,3
16,259448646607011,133,21,20,6,6,6
17,979553332406049,695,15,100,3,3,3
18,371359875107895,766,150,101,5,5,5
19,275038232723549,121,69,34,3,3,3
20,329497044272625,2419,9,9,5,5,5
21,954284441126699,497,59,43,3,3,3
22,696146231751119,615,398,798,2,2,2
23,195960665879545,114,25,42,5,5,5
24,701284927369885,434,62,46,3,3,3
25,559887620314889,77,29,30,3,3,3
26,532134736854897,376,8,8,3,3,3
27,646397577545833,380,15,9,2,2,2
28,165119961119759,560,232,489,3,3,3
29,627841549275111,670,424,471,5,5,5
30,277825322424499,487,1116,1110,2,2,2
31,306601168638515,510,648,424,3,3,3
32,132629680604221,12,10,12,2,2,2
33,273229792695129,2282,16,11,3,3,3
34,539091379338607,48,36,27,5,5,5
35,164034972223559,66,15,10,4,4,4
36,750958063051187,18,16,17,3,3,3
37,623396631395193,379,9,8,2,2,2
38,612096807228649,398,12,18,1,1,1
39,160400137479561,142,42,50,6,6,6
40,146455957468583,41,7,13,5,5,5
41,808670525166325,412,24,33,4,4,4
42,220073719371739,501,157,50,3,3,3
43,875952292440319,1223,11,9,4,4,4
44,157896730026109,402,45,41,3,3,3
45,504643101871689,370,7,8,5,5,5
46,106728012014475,10,17,19,6,6,6
47,515280336153145,1005,15,17,3,3,3
48,951801136594797,403,32,52,3,3,3
49,533381007410495,632,15,13,4,4,4
50,690316642086753,5,18,43,7,7,7
51,569220258760201,433,8,9,3,3,3
52,600292446801375,410,52,22,7,7,7
53,280660933044405,537,39,81,6,6,6
54,624165778585701,20,13,11,8,8,8
55,797023754520075,32,21,30,7,7,7
56,385407841429193,429,50,30,4,4,4
57,430293175090101,374,8,7,3,3,3
58,262962780978971,478,149,175,2,2,2
59,207803030500773,834,99,230,5,5,5
60,587461988005305,398,53,34,5,5,5
61,111457231641431,28,16,14,5,5,5
62,139949327268789,413,8,8,2,2,2
63,121261355672007,1984,11,11,3,3,3
64,506071255433983,442,418,64,3,3,3
65,779145452233331,177,147,134,3,3,3
66,816718306448619,8,28,26,7,7,7
67,736443473199265,386,8,9,3,3,3
68,723070530659229,380,8,8,2,2,2
69,299064140571379,28,19,23,4,4,4
70,262166162568413,40,23,18,4,4,4
71,493478862534871,1007,960,1157,2,2,2
72,880636085316913,411,10,10,1,1,1
73,955750444661941,416,14,14,1,1,1
74,657611044369169,445,66,62,4,4,4
75,410643678990003,1190,11,17,3,3,3
76,301099536082425,9,18,13,7,7,7
77,360120913696645,422,63,69,3,3,3
78,232410690722977,538,253,344,3,3,3
79,228561819006203,430,217,311,3,3,3
80,594795573816781,1575,571,158,2,2,2
81,674812806985397,630,253,203,3,3,3
82,587155255356953,1743,25,13,2,2,2
83,110329259023193,408,26,24,4,4,4
84,945861878787797,2053,12,13,3,3,3
85,950218665118891,60,15,13,5,5,5
86,929969824375235,391,9,8,3,3,3
87,983411247057073,409,9,9,1,1,1
88,102142835640673,385,125,123,3,3,3
89,396944986150749,400,24,36,3,3,3
90,372157496713647,2783,10,10,4,4,4
91,183813669721255,426,44,37,5,5,5
92,218378184258853,39,42,24,3,3,3
93,188428114495689,605,25,32,3,3,3
94,699071085160541,398,9,9,1,1,1
95,105026416160121,99,16,16,5,5,5
96,857759888651921,689,156,96,2,2,2
97,905360946120125,2191,10,8,5,5,5
98,525031750903673,383,10,9,2,2,2
99,442080554917401,80,19,16,7,7,7
100,358812395023459,602,277,111,4,4,4
101,763712094921775,895,16,15,4,4,4
102,309765718215173,400,35,13,3,3,3
103,232520531635689,386,7,8,3,3,3
104,986670096706639,26,21,14,2,2,2
105,834179485966993,27,33,27,5,5,5
106,541581223754929,83,89,99,3,3,3
107,264617483083427,123,12,15,4,4,4
108,584703734693877,453,21,31,5,5,5
109,817724035471039,108,208,61,3,3,3
110,324411277800965,406,57,33,3,3,3
111,482709817244783,753,769,1009,2,2,2
112,347330095184587,25,14,13,3,3,3
113,732794346716981,1177,14,16,3,3,3
114,806772452519469,420,32,35,3,3,3
115,268381236199729,518,125,131,3,3,3
116,160268298217021,377,10,8,1,1,1
117,190389643407817,1551,14,10,3,3,3
118,789793161751413,256,16,15,5,5,5
119,247256499646851,457,63,26,4,4,4
120,463124930785437,243,18,28,4,4,4
121,813342094096567,550,319,190,4,4,4
122,175460693889877,2184,8,9,3,3,3
123,316318347461393,414,119,88,3,3,3
124,632699093903273,42,17,25,4,4,4
125,838265384218813,374,8,8,2,2,2
126,657533401578371,389,44,28,6,6,6
127,808539450895327,735,14,11,3,3,3
128,763120646107333,147,249,99,3,3,3
129,524768158836339,2590,10,9,4,4,4
130,619997891555153,21,31,25,5,5,5
131,638634901767945,168,9,9,5,5,5
132,924036239346239,68,64,18,4,4,4
133,145215351899145,390,27,29,8,8,8
134,572729483296601,36,20,13,5,5,5
135,251174228797503,91,47,63,6,6,6
136,322166748366459,133,27,22,5,5,5
137,332754021452323,378,8,8,2,2,2
138,696410115512793,380,8,8,3,3,3
139,171383851632173,383,8,8,1,1,1
140,767391262623275,35,46,22,5,5,5
141,710503659766613,401,9,9,1,1,1
142,603516048751363,6,11,17,6,6,6
143,599057452553053,134,13,11,4,4,4
144,595719460689005,35,18,21,4,4,4
145,176619207455491,635,19,29,2,2,2
146,989826161078239,20,24,25,4,4,4
147,766972617509245,687,87,135,5,5,5
148,151247780968407,966,10,7,4,4,4
149,719711699066165,431,33,75,5,5,5
150,709962690188219,408,8,9,2,2,2
151,440047683294005,214,17,18,4,4,4
152,403558612618031,37,18,18,4,4,4
153,235762690548649,597,9,12,3,3,3
154,139192585802399,12,19,24,6,6,6
155,866027859763257,821,23,12,4,4,4
156,390904392435011,21,28,27,7,7,7
157,990841489085269,829,462,206,2,2,2
158,374428337144605,372,9,9,2,2,2
159,915466916684707,420,33,51,3,3,3
160,915100923599561,89,35,46,3,3,3
161,225777724108055,378,9,9,3,3,3
162,904856440880039,408,12,12,1,1,1
163,197217574897745,154,116,26,4,4,4
164,896309944922071,446,11,12,2,2,2
165,219642521529919,15,14,12,5,5,5
166,878953502308493,121,362,336,3,3,3
167,189622597460975,397,16,12,7,7,7
168,323945139613891,38,22,20,4,4,4
169,437720961098389,73,18,16,4,4,4
170,294259566004109,17,14,17,2,2,2
171,996846137890131,52,34,25,4,4,4
172,446955809974915,475,129,473,3,3,3
173,771345804981693,15,15,11,3,3,3
174,382208851574621,395,12,16,1,1,1
175,720797948472693,608,87,85,5,5,5
176,560713921426837,377,11,11,1,1,1
177,330292041654479,421,58,44,2,2,2
178,871981816421853,412,57,61,6,6,6
179,697587353668541,62,11,23,4,4,4
180,113345463883283,397,25,36,2,2,2
181,296317068786177,409,8,8,2,2,2
182,782406096011585,393,9,9,2,2,2
183,809599761200039,391,9,9,3,3,3
184,502899531450659,403,44,20,6,6,6
185,883439292563655,493,197,161,4,4,4
186,979837544281503,412,32,61,3,3,3
187,432973579834029,90,27,71,5,5,5
188,334612115968737,2400,14,11,3,3,3
189,140701530068755,385,8,9,2,2,2
190,557524984372355,126,37,27,4,4,4
191,644588102798551,99,17,24,3,3,3
192,944227366921285,543,279,113,3,3,3
193,815504112805055,66,37,35,4,4,4
194,251712481408749,694,324,459,4,4,4
195,701228315741657,27,36,32,5,5,5
196,208929312220301,369,8,8,1,1,1
197,284745879520087,44,35,39,4,4,4
198,305653288355069,716,15,10,3,3,3
199,805307524390561,1079,286,2585,2,2,2
200,899572811490525,475,44,82,5,5,5
201,466064731216719,61,31,58,5,5,5
202,691995928166085,2604,8,11,4,4,4
203,919510619794727,13,17,14,3,3,3
204,294548888532277,424,14,13,3,3,3
205,130769319006143,63,23,74,3,3,3
206,227841230806451,438,54,29,3,3,3
207,115233252345481,1010,13,22,2,2,2
208,481899433211705,392,8,8,2,2,2
209,500886521488673,393,12,12,2,2,2
210,412007845643913,506,112,165,3,3,3
211,434336650414135,1053,516,477,4,4,4
212,639935043198411,28,15,21,5,5,5
213,643033442992443,498,10,13,4,4,4
214,477828207165695,376,9,9,2,2,2
215,100754388010841,47,48,28,3,3,3
216,597494649478627,391,12,11,1,1,1
217,813383568141171,25,11,12,3,3,3
218,745155175830915,955,50,206,6,6,6
219,271503883768637,372,9,9,2,2,2
220,575221229394849,35,43,28,6,6,6
221,100279602205141,476,70,90,3,3,3
222,778903029647643,387,12,8,2,2,2
223,299368091384557,68,16,15,4,4,4
224,677338164899767,389,7,7,2,2,2
225,643054657739019,10,13,15,4,4,4
226,960344798367423,403,44,49,4,4,4
227,967378823873617,340,139,50,3,3,3
228,748188468291301,16,36,19,3,3,3
229,345985209327863,37,38,44,5,5,5
230,656937993125973,18,11,13,6,6,6
231,652000095799333,17,23,18,3,3,3
232,326138413723961,487,45,73,2,2,2
233,455590083526031,425,67,100,3,3,3
234,326951718160461,787,172,194,4,4,4
235,639845017664271,13,14,14,5,5,5
236,572009382224333,472,84,52,2,2,2
237,719864790138445,33,24,28,5,5,5
238,868861501962873,376,11,11,2,2,2
239,235273112153567,656,146,300,2,2,2
240,111464808325081,64,79,40,3,3,3
241,786304663424731,244,86,100,4,4,4
242,103673635048279,1377,9,8,3,3,3
243,530087058532417,460,93,66,2,2,2
244,343182777700411,454,90,49,3,3,3
245,712908961294127,1166,12,12,3,3,3
246,233177194778191,647,15,16,2,2,2
247,721421450235573,390,9,9,2,2,2
248,178573128189983,25,16,14,3,3,3
249,157247086348561,63,24,19,4,4,4
250,249593199255169,387,8,7,3,3,3
251,847501275902487,383,9,9,2,2,2
252,401133483587873,2092,9,9,3,3,3
253,782662948872613,50,62,87,3,3,3
254,727050770891897,495,200,46,2,2,2
255,846941253944955,26,16,23,6,6,6
256,980900759031663,69,45,79,5,5,5
257,606344662693931,382,9,8,3,3,3
258,763642027997855,388,10,9,2,2,2
259,651171305829043,32,13,14,2,2,2
260,407642141854565,525,13,161,3,3,3
261,348987841318221,544,73,147,5,5,5
262,501317888748485,879,86,325,3,3,3
263,777554266849423,13,13,15,3,3,3
264,661461905537017,373,8,9,2,2,2
265,912785665815449,80,32,35,5,5,5
266,866933142014559,378,9,9,3,3,3
267,527213752910695,790,13,14,3,3,3
268,682989262812529,18,12,13,2,2,2
269,723087963749671,1980,13,13,3,3,3
270,239086018995337,447,107,83,2,2,2
271,815135950336299,847,75,547,3,3,3
272,699158141287831,89,35,45,3,3,3
273,790963251639185,456,25,13,4,4,4
274,180701249462439,1325,12,10,3,3,3
275,741970635692553,14,22,29,6,6,6
276,688131467281747,93,20,19,3,3,3
277,107601803412657,18,20,35,5,5,5
278,246119179332937,406,46,68,4,4,4
279,999464759313681,32,15,18,5,5,5
280,110445072833475,7,15,16,8,8,8
281,156951896944807,387,8,8,1,1,1
282,857074662076907,413,13,13,1,1,1
283,862001419554005,15,14,14,4,4,4
284,841664170042143,6,30,24,7,7,7
285,966892485177209,486,114,50,2,2,2
286,424603224035463,26,16,23,5,5,5
287,558412545927293,614,543,1099,2,2,2
288,613533905617395,187,29,26,5,5,5
289,615273022578977,13,15,18,5,5,5
290,578117912389755,7,37,26,7,7,7
291,887071332499211,912,681,207,2,2,2
292,757551620265503,58,24,32,4,4,4
293,452574696093507,466,62,23,6,6,6
294,623228809810441,75,85,25,4,4,4
295,374691687073575,223,11,28,5,5,5
296,887536263013513,1229,38,22,2,2,2
297,378849668589481,648,372,464,2,2,2
298,356029024858163,379,9,9,2,2,2
299,195671678602487,411,9,9,1,1,1
300,181894889197061,919,11,13,3,3,3
301,722751633354263,387,8,9,2,2,2
302,763587578338707,14,11,14,3,3,3
303,708595794801413,426,51,45,2,2,2
304,100178416857253,7,16,16,5,5,5
305,456861460353743,22,23,51,4,4,4
306,629257761048453,384,9,9,2,2,2
307,400696249089531,26,28,27,6,6,6
308,691103837781761,723,579,352,2,2,2
309,663382691494331,15,15,13,3,3,3
310,184596210889083,22,13,18,7,7,7
311,616736596055501,29,31,34,4,4,4
312,759954249346909,134,12,10,4,4,4
313,177955905849231,379,8,8,2,2,2
314,413902339786483,28,17,19,4,4,4
315,739495084265561,315,169,76,4,4,4
316,297611961691277,967,306,638,2,2,2
317,851539206979377,30,19,56,6,6,6
318,973699441400881,23,14,13,5,5,5
319,146215445722435,56,37,31,5,5,5
320,326289062708839,39,35,22,4,4,4
321,147653945482885,29,31,30,5,5,5
322,192409774433213,818,12,11,3,3,3
323,854650005115031,402,11,11,1,1,1
324,475408073813991,16,17,17,5,5,5
325,274766587453251,18,15,9,6,6,6
326,359994983691259,393,11,12,3,3,3
327,268910245274789,685,69,139,3,3,3
328,904479031195863,18,11,16,3,3,3
329,117161127711599,377,23,43,2,2,2
330,224151080792859,942,122,266,7,7,7
331,634428058099601,545,225,147,2,2,2
332,905898273587705,382,9,8,3,3,3
333,301159382790797,456,400,110,2,2,2
334,628148033238975,84,10,13,6,6,6
335,634320813998679,15,12,11,3,3,3
336,467776611069243,551,54,112,4,4,4
337,408275741964073,70,19,13,4,4,4
338,125846342315141,7,13,11,7,7,7
339,381005875558859,374,10,10,1,1,1
340,814772814006703,391,11,11,1,1,1
341,672093225765569,400,31,32,4,4,4
342,666702010202843,391,10,10,1,1,1
343,253503515890515,676,105,59,6,6,6
344,255021902466135,468,11,14,5,5,5
345,132516600637669,30,32,11,4,4,4
346,438739552064113,65,37,137,4,4,4
347,422265444714679,16,13,18,3,3,3
348,190036838857567,1030,9,13,3,3,3
349,517853042037799,373,10,8,3,3,3
350,507003928904705,2271,12,19,3,3,3
351,257220862300981,391,8,8,1,1,1
352,998660860766039,26,29,27,3,3,3
353,936510485905285,1179,552,1093,3,3,3
354,639041617958687,199,60,117,3,3,3
355,156495146193557,12,10,10,2,2,2
356,135162155183365,555,244,167,4,4,4
357,423651121199897,491,68,95,3,3,3
358,926353885688295,532,26,40,5,5,5
359,905001269587709,6,17,17,7,7,7
360,898252994095033,530,10,10,1,1,1
361,332682776818599,880,21,24,3,3,3
362,333078675735049,1436,15,24,2,2,2
363,275922089298997,27,16,17,4,4,4
364,502583277099989,343,16,14,3,3,3
365,942702499629149,383,161,71,3,3,3
366,300296413314261,1702,9,9,5,5,5
367,533561112740531,378,9,14,2,2,2
368,295981130567043,523,164,182,4,4,4
369,368050649096187,66,12,19,7,7,7
370,282195555849047,140,15,14,3,3,3
371,552441606250363,458,16,23,3,3,3
372,555758236395467,434,9,8,2,2,2
373,134370066607705,489,33,68,3,3,3
374,556219409065797,651,207,280,3,3,3
375,630069843477413,1144,20,21,2,2,2
376,167185535419949,27,20,27,4,4,4
377,537068226174191,261,73,98,4,4,4
378,732934590345457,1304,42,15,2,2,2
379,603471874284721,50,14,9,5,5,5
380,256532058201649,404,31,44,4,4,4
381,356131408826361,483,18,31,4,4,4
382,196027395686301,373,8,8,2,2,2
383,185770387332097,158,321,339,3,3,3
384,206786272544827,370,9,8,2,2,2
385,545700856962291,418,210,66,4,4,4
386,284817122272529,16,44,22,6,6,6
387,598668223451385,987,18,15,4,4,4
388,689506489355235,739,73,148,6,6,6
389,332544702606553,1938,25,16,2,2,2
390,391735393958391,25,13,18,6,6,6
391,479289970168541,374,9,9,3,3,3
392,616412326788931,55,15,16,4,4,4
393,372635552825271,451,32,26,5,5,5
394,496431740012931,379,7,8,3,3,3
395,371123677537423,939,250,130,2,2,2
396,914866980969911,10,13,11,2,2,2
397,620613337443541,535,22,13,3,3,3
398,860322350296121,405,9,9,1,1,1
399,162805720666049,905,166,449,2,2,2
400,107908374133501,94,18,24,3,3,3
401,356252962721215,369,8,8,3,3,3
402,529402231018905,416,19,31,4,4,4
403,523933745333755,389,39,34,3,3,3
404,232474159708451,424,44,93,3,3,3
405,743330724919577,969,10,9,3,3,3
406,702060634997477,19,16,12,6,6,6
407,664216677441821,15,13,17,4,4,4
408,222127246203121,2146,11,11,3,3,3
409,106606877976025,644,10,10,5,5,5
410,478247048179713,10,12,13,7,7,7
411,178342048842751,375,8,8,1,1,1
412,302958063860501,401,55,134,3,3,3
413,135563713257893,628,24,14,2,2,2
414,412342561720269,413,41,15,4,4,4
415,303829064429423,513,278,273,4,4,4
416,663780842798113,33,26,57,4,4,4
417,349034694478885,376,9,9,3,3,3
418,748643122360191,743,19,24,3,3,3
419,168323005033431,381,8,8,2,2,2
420,849658141555931,406,10,10,1,1,1
421,865074233632813,520,97,149,3,3,3
422,734415623312665,81,71,39,5,5,5
423,687782191961711,41,42,27,6,6,6
424,634073588874451,52,56,32,4,4,4
425,397815028962905,30,17,32,5,5,5
426,968264194036197,46,15,27,4,4,4
427,291125639410695,24,23,17,7,7,7
428,745582863353637,377,8,8,2,2,2
429,789324268423445,32,43,55,4,4,4
430,631948778829639,1555,12,12,4,4,4
431,287255449486633,1378,11,26,2,2,2
432,618668429079237,37,23,25,4,4,4
433,811149599165177,428,13,13,1,1,1
434,915840815368607,521,98,104,2,2,2
435,662273128070687,755,112,475,4,4,4
436,927998613705415,371,9,9,4,4,4
437,584117674850571,25,11,9,6,6,6
438,520757845963527,42,16,27,4,4,4
439,221752271134607,10,30,34,5,5,5
440,471470256901211,82,29,91,4,4,4
441,544846561004875,507,12,13,5,5,5
442,296984937081057,362,59,94,4,4,4
443,545084616148077,411,147,59,3,3,3
444,662001339169587,1298,127,112,4,4,4
445,180154200392709,616,294,358,3,3,3
446,175263060455925,471,7,6,8,8,8
447,177659726980167,199,11,11,5,5,5
448,161500491661179,47,32,19,5,5,5
449,907597603625931,606,133,109,5,5,5
450,267049755106963,337,13,16,3,3,3
451,353382806636251,986,15,14,3,3,3
452,385159600019589,571,114,173,3,3,3
453,245067623928879,400,33,46,3,3,3
454,301614463375005,28,11,13,6,6,6
455,173227316653451,382,9,9,1,1,1
456,561663663123015,649,37,59,8,8,8
457,829672201362165,79,42,18,7,7,7
458,469484473057367,378,9,9,2,2,2
459,859852204175715,1209,420,557,4,4,4
460,229512729811233,104,8,17,5,5,5
461,797119638025943,929,294,623,2,2,2
462,572092796068723,693,414,180,2,2,2
463,264724408150923,1115,8,10,4,4,4
464,535562593801091,265,87,75,4,4,4
465,443243858681489,26,13,13,5,5,5
466,431844265710587,661,27,444,2,2,2
467,111563411996609,380,8,8,1,1,1
468,606615683809033,99,14,18,4,4,4
469,495732621308849,481,67,81,2,2,2
470,834508188823655,43,13,16,5,5,5
471,743584602450535,190,84,77,4,4,4
472,866028958411575,426,8,8,5,5,5
473,520807842993183,643,172,414,3,3,3
474,510806531164087,27,15,12,5,5,5
475,368620963184977,741,221,975,2,2,2
476,504275012181649,1168,799,316,2,2,2
477,867039090872723,52,25,38,4,4,4
478,949934190831233,43,18,38,3,3,3
479,464937471106243,31,32,28,3,3,3
480,532692421195751,47,14,16,4,4,4
481,279362523718275,377,8,8,4,4,4
482,834732304341309,1519,8,9,5,5,5
483,963370541883195,1092,12,9,5,5,5
484,858406936728669,13,16,20,4,4,4
485,941134065945387,892,84,280,4,4,4
486,667028123961161,1268,16,20,2,2,2
487,763891774784295,411,8,8,4,4,4
488,602524618442111,42,20,31,4,4,4
489,166526304740619,27,50,25,5,5,5
490,489111158117451,453,130,61,3,3,3
491,175151187176185,396,13,9,4,4,4
492,431496712231553,811,10,10,3,3,3
493,948569904604881,372,8,8,4,4,4
494,551483929617727,159,12,11,4,4,4
495,841792963098153,422,105,79,4,4,4
496,643785060767655,411,41,19,5,5,5
497,357054558962157,22,10,16,6,6,6
498,947538188706323,84,101,45,3,3,3
499,576215831883251,417,16,99,3,3,3
500,482657377240527,171,52,63,4,4,4
501,229479631097417,13,10,12,2,2,2
502,944962235387701,486,10,10,1,1,1
503,559463235000191,775,573,268,2,2,2
504,564314404787845,10,13,11,3,3,3
505,163424507223311,867,215,111,3,3,3
506,934352311412981,400,11,11,1,1,1
507,871997045621939,399,10,10,1,1,1
508,179201686274407,456,39,89,5,5,5
509,269272507314069,14,20,16,9,9,9
510,399476889713299,16,21,28,4,4,4
511,265094109985131,478,143,93,5,5,5
512,927694005740205,548,62,127,5,5,5
513,528394149494967,197,66,154,5,5,5
514,542690977994005,440,94,112,3,3,3
515,540910056443533,583,114,143,3,3,3
516,328922721017513,61,53,120,4,4,4
517,926835736786001,413,9,9,4,4,4
518,981194213169781,385,8,9,2,2,2
519,576384807762999,2023,11,14,4,4,4
520,100968432702693,523,37,136,3,3,3
521,363389746699977,428,14,85,3,3,3
522,665080837072439,32,15,11,2,2,2
523,202233361429371,110,12,17,4,4,4
524,956457628830473,91,60,57,5,5,5
525,721028278066415,2034,10,11,4,4,4
526,552055761978541,503,86,152,3,3,3
527,784840248002865,70,11,18,6,6,6
528,336961114670515,479,77,91,4,4,4
529,657710937405579,59,248,191,4,4,4
530,730711285312519,576,71,74,4,4,4
531,432785697439745,386,8,8,3,3,3
532,740705386920953,2029,21,17,2,2,2
533,322653828727203,128,59,112,4,4,4
534,545639392373257,464,79,31,4,4,4
535,963300371979971,251,152,42,4,4,4
536,416005509305929,988,21,27,2,2,2
537,897373096788777,1158,9,8,5,5,5
538,320258015829263,495,58,87,3,3,3
539,866929907978991,8,15,18,10,10,10
540,520948602538387,449,10,9,1,1,1
541,984756914167887,394,8,8,4,4,4
542,417175715797947,13,16,21,8,8,8
543,979691601072571,416,106,57,3,3,3
544,351985944152811,29,35,49,4,4,4
545,202731245195825,370,8,8,3,3,3
546,756428318910559,1042,10,12,3,3,3
547,139158770770357,273,14,16,3,3,3
548,911918497544997,13,25,25,4,4,4
549,366718583226329,377,9,9,1,1,1
550,596037160731033,369,8,7,4,4,4
551,775572679445633,394,10,10,1,1,1
552,506064662462447,569,365,35,3,3,3
553,771939453819601,234,450,127,3,3,3
554,693337046936757,232,46,188,4,4,4
555,240442344300867,62,24,35,4,4,4
556,485388503048095,957,914,144,3,3,3
557,976763214604959,17,22,18,4,4,4
558,782134600182753,433,35,28,5,5,5
559,882375741262469,404,10,10,1,1,1
560,237244300121887,381,9,9,1,1,1
561,605949465524125,390,30,31,5,5,5
562,471949772449689,373,9,9,4,4,4
563,931442239007029,190,87,99,3,3,3
564,486338340257943,379,9,9,2,2,2
565,661640396194295,207,15,10,5,5,5
566,964272082819779,354,12,17,6,6,6
567,968180910211773,15,13,16,5,5,5
568,630922270679023,57,24,22,4,4,4
569,560492391363407,848,26,40,2,2,2
570,975039546522203,42,48,77,3,3,3
571,807284950897135,756,11,13,4,4,4
572,268474647665451,46,47,14,4,4,4
573,687618434561897,544,106,106,3,3,3
574,383039049064441,550,150,74,4,4,4
575,701054204545715,534,30,24,3,3,3
576,684629315962633,995,369,324,3,3,3
577,927466220899801,371,9,9,3,3,3
578,316583443141675,369,12,16,4,4,4
579,117809760179059,140,9,9,4,4,4
580,974410220761801,41,58,61,4,4,4
581,784243091252567,18,18,15,3,3,3
582,490438271722513,72,48,48,3,3,3
583,386369618607281,426,44,35,3,3,3
584,616699478338431,1323,11,16,3,3,3
585,654936111691107,376,9,12,3,3,3
586,113959810464487,386,213,174,3,3,3
587,906619238189991,17,10,15,9,9,9
588,347895045625333,92,40,43,4,4,4
589,593491001394569,608,229,547,3,3,3
590,755031052845137,1777,24,27,2,2,2
591,451014017504873,79,82,78,3,3,3
592,480502712459707,1573,11,11,3,3,3
593,822496939542265,403,147,47,5,5,5
594,153523645558997,709,8,8,5,5,5
595,151620109127917,37,38,8,4,4,4
596,726607419618237,120,104,70,4,4,4
597,410942447281845,387,48,60,5,5,5
598,452610799513067,407,72,50,3,3,3
599,366329385327659,341,275,90,4,4,4
600,584490026804081,30,41,24,5,5,5
601,883837042229499,394,15,27,3,3,3
602,134509975666589,377,8,8,1,1,1
603,847850392406607,9,11,11,3,3,3
604,856418832843001,404,11,11,1,1,1
605,173659943520313,419,9,8,1,1,1
606,607328800373165,40,56,68,5,5,5
607,976227220327801,391,50,42,4,4,4
608,232308451722517,1830,9,8,3,3,3
609,477253412943371,11,16,16,2,2,2
610,350342154656557,464,69,56,4,4,4
611,937321771368599,1287,267,1558,2,2,2
612,477797303912309,48,29,36,5,5,5
613,215880458710669,370,8,8,1,1,1
614,451229026810475,763,383,432,4,4,4
615,304042737558709,511,220,45,2,2,2
616,565436984704535,384,9,8,2,2,2
617,304550042983713,255,13,11,6,6,6
618,812310859644481,240,93,79,4,4,4
619,570241781748119,574,93,37,3,3,3
620,852806782070899,415,103,55,3,3,3
621,520182215146731,391,13,35,3,3,3
622,243789343277967,17,27,24,7,7,7
623,537666492732005,112,10,13,5,5,5
624,799238571650747,493,109,175,3,3,3
625,385564207167081,415,40,98,5,5,5
626,404415429069035,486,61,117,4,4,4
627,632221555654555,378,9,8,2,2,2
628,701138740260989,10,10,13,2,2,2
629,411292993389783,498,66,111,3,3,3
630,682313318275237,375,9,9,3,3,3
631,364467205511975,456,15,13,4,4,4
632,652778759386283,398,11,12,2,2,2
633,332963895739607,892,44,107,4,4,4
634,229301587123501,378,9,9,1,1,1
635,273113866524857,382,8,8,1,1,1
636,427893978353037,554,167,452,4,4,4
637,115680433899379,100,65,23,4,4,4
638,437286073492099,83,31,24,4,4,4
639,760179023905307,21,13,19,2,2,2
640,669279667888461,464,63,66,5,5,5
641,434655945546429,145,120,154,4,4,4
642,640141685698549,69,53,48,3,3,3
643,737825384800209,381,9,9,2,2,2
644,513678670487445,157,12,10,5,5,5
645,420252322928299,11,12,12,2,2,2
646,284484606513557,25,22,26,4,4,4
647,593579151818281,111,42,27,4,4,4
648,316597626028745,219,43,54,4,4,4
649,772376757467087,15,22,20,4,4,4
650,984223545781147,5,23,20,6,6,6
651,599390947464311,1000,685,1471,2,2,2
652,207057522817173,628,9,9,5,5,5
653,910290229363631,431,13,13,1,1,1
654,956492024061853,8,16,15,2,2,2
655,579262243139297,25,48,44,4,4,4
656,306716769246261,127,39,45,5,5,5
657,219816978325421,71,48,45,4,4,4
658,413080436732627,530,53,94,2,2,2
659,386461502994695,14,10,9,6,6,6
660,758214468539251,999,1022,1133,2,2,2
661,979843560596903,25,26,32,4,4,4
662,680838008436407,397,9,9,1,1,1
663,770997885844385,380,9,8,2,2,2
664,135730360394893,78,52,96,4,4,4
665,473666032961307,34,35,55,6,6,6
666,335163358119981,102,43,45,4,4,4
667,336309167605705,15,15,22,6,6,6
668,307601784987343,492,9,9,3,3,3
669,910952680658619,384,8,9,3,3,3
670,334623601593389,373,8,10,2,2,2
671,656180433389967,380,8,8,2,2,2
672,994271456131733,191,18,14,4,4,4
673,368937136365513,367,12,14,4,4,4
674,572753244980313,375,8,8,4,4,4
675,512651626646159,41,23,31,6,6,6
676,838561288298815,1303,14,12,3,3,3
677,541931101465179,379,8,9,3,3,3
678,540829969237985,1954,9,8,4,4,4
679,215490736283577,380,8,8,2,2,2
680,773257520506225,955,11,15,4,4,4
681,770801385857009,376,10,9,2,2,2
682,383212587397489,454,48,95,2,2,2
683,479237920992851,425,79,64,2,2,2
684,622087231990701,2301,16,11,3,3,3
685,966071751546781,32,13,26,4,4,4
686,388738953614253,638,13,14,4,4,4
687,778510156278169,19,24,20,7,7,7
688,336779305496387,424,10,10,5,5,5
689,916690218088067,24,19,31,3,3,3
690,940768185120867,909,14,12,4,4,4
691,522274480345595,405,9,8,3,3,3
692,746927469889531,70,35,29,5,5,5
693,245157839001457,10,11,10,2,2,2
694,425941142866605,104,10,9,6,6,6
695,577877553860263,429,53,47,2,2,2
696,722641565417929,133,97,262,3,3,3
697,213613466483605,1132,506,562,3,3,3
698,771008258568927,68,11,9,5,5,5
699,169425103513477,151,29,46,4,4,4
700,824425399803341,608,28,37,3,3,3
701,715088548407709,1709,9,8,4,4,4
702,975362623884687,809,21,34,3,3,3
703,223310064434493,143,28,60,4,4,4
704,570869517999061,404,10,9,1,1,1
705,586077484189511,734,28,35,2,2,2
706,373602189263683,8,11,10,2,2,2
707,576560911790079,254,24,21,5,5,5
708,375530923374777,55,32,28,5,5,5
709,621879660139885,15,16,24,7,7,7
710,525048376672433,32,32,31,4,4,4
711,601970696625093,45,82,27,5,5,5
712,618383588031019,645,32,172,2,2,2
713,588114851759983,1552,13,13,3,3,3
714,345748108049785,56,23,21,6,6,6
715,188246397103511,588,31,27,2,2,2
716,598542033048413,404,12,12,1,1,1
717,962924028280045,793,10,13,4,4,4
718,475320652181889,404,139,94,5,5,5
719,562599853427575,17,12,12,6,6,6
720,493183280481041,135,32,66,3,3,3
721,566205250290001,373,9,10,2,2,2
722,899243959128379,446,88,82,2,2,2
723,359376963498873,537,257,241,4,4,4
724,780123814874185,1045,13,21,3,3,3
725,297848004395225,591,30,92,5,5,5
726,382561916005907,606,91,33,4,4,4
727,195881010570889,437,9,8,2,2,2
728,301789305529469,45,58,34,3,3,3
729,687845288058747,13,20,22,6,6,6
730,831433554763951,442,119,63,4,4,4
731,380764624372033,24,14,20,5,5,5
732,570146332181411,1734,9,13,3,3,3
733,201162506348997,371,7,7,4,4,4
734,726291171092639,905,880,700,2,2,2
735,759497935217403,10,11,11,3,3,3
736,322417578627749,498,128,87,3,3,3
737,362880263104081,498,47,55,3,3,3
738,185355818543297,481,8,8,1,1,1
739,524019788060313,534,151,131,3,3,3
740,478174108267161,505,106,33,10,10,10
741,140485585705193,468,656,812,2,2,2
742,757193452048301,23,16,20,3,3,3
743,700776956131761,376,10,10,2,2,2
744,497945594210961,402,14,12,4,4,4
745,109605414089725,384,21,15,4,4,4
746,635849051605643,410,100,111,3,3,3
747,121438269235605,15,20,9,6,6,6
748,388923763529853,647,279,312,6,6,6
749,454465174147003,45,19,58,4,4,4
750,757343767548995,406,28,28,5,5,5
751,638830112837087,27,17,54,2,2,2
752,104541852626881,1103,14,15,2,2,2
753,827123529898825,399,54,81,4,4,4
754,991200624713229,389,9,9,4,4,4
755,539222779652469,593,14,17,4,4,4
756,983784634329875,31,14,15,7,7,7
757,547966107957989,17,27,17,7,7,7
758,649605271977731,86,52,81,3,3,3
759,660510533984719,1718,14,12,3,3,3
760,567609302571837,421,13,12,4,4,4
761,223673565157501,1011,20,19,2,2,2
762,262252448694281,21,35,41,3,3,3
763,172596384439885,380,9,8,3,3,3
764,679805529727409,414,10,10,1,1,1
765,778463462404657,399,15,9,1,1,1
766,708526576720917,392,8,8,3,3,3
767,267804535375743,23,13,18,5,5,5
768,606843015217909,130,13,14,4,4,4
769,264033682370275,384,8,9,3,3,3
770,786000494368463,409,66,73,4,4,4
771,159525867817677,195,17,12,4,4,4
772,416529205268703,1064,398,178,4,4,4
773,259733083252281,380,8,8,2,2,2
774,701723436003767,412,11,11,1,1,1
775,442576334063109,379,8,8,2,2,2
776,707857168527915,73,12,12,7,7,7
777,392741918949319,65,84,120,3,3,3
778,731345290706981,670,647,885,2,2,2
779,504846082694107,107,14,17,5,5,5
780,239963182319021,454,181,240,4,4,4
781,101262277506515,376,9,9,2,2,2
782,605986789777921,130,25,31,4,4,4
783,355472498864013,375,8,8,2,2,2
784,363060041174053,12,15,14,5,5,5
785,531460467639947,375,10,10,1,1,1
786,831088897822295,594,56,116,6,6,6
787,326505807727499,401,11,10,1,1,1
788,159293755821525,430,25,34,7,7,7
789,222015812085063,53,22,12,5,5,5
790,864041931273665,899,25,18,3,3,3
791,438655272853507,17,13,11,2,2,2
792,908395691168071,956,271,246,3,3,3
793,100098396881329,434,29,59,5,5,5
794,678332852294055,24,32,31,6,6,6
795,847333069026195,412,708,583,4,4,4
796,414942580659667,900,386,230,2,2,2
797,547154025966765,9,20,17,9,9,9
798,713709052906173,402,45,102,5,5,5
799,293381674991241,384,9,9,2,2,2
800,926676131709015,165,8,7,7,7,7
801,218243245905745,128,41,52,4,4,4
802,563818991416773,469,9,9,2,2,2
803,340073313044021,22,24,28,4,4,4
804,248197744450793,26,20,18,3,3,3
805,983492669867267,127,18,36,5,5,5
806,520863945026245,12,11,9,3,3,3
807,784396464251727,34,29,28,5,5,5
808,250237355308621,175,59,45,4,4,4
809,297310870298595,319,21,15,4,4,4
810,504914005614539,42,22,51,4,4,4
811,221464559355589,3,13,17,8,8,8
812,957446369385019,1400,10,13,3,3,3
813,822931378640401,412,21,60,4,4,4
814,433096841924215,391,9,9,3,3,3
815,361353021126581,78,26,13,4,4,4
816,893042189029841,389,9,9,2,2,2
817,564078685904887,414,12,12,1,1,1
818,665520665852945,679,124,527,4,4,4
819,323024660835151,548,100,59,4,4,4
820,821518702015945,424,92,109,3,3,3
821,665034636850319,437,9,9,2,2,2
822,365727217851109,376,13,12,2,2,2
823,773514405295083,116,14,35,6,6,6
824,446650881206667,444,27,43,5,5,5
825,251399454356067,389,8,8,2,2,2
826,817661141216225,633,262,72,4,4,4
827,711571986537747,82,60,27,6,6,6
828,324756934840379,383,11,12,2,2,2
829,217463894671401,554,15,119,7,7,7
830,370500295394075,422,30,54,6,6,6
831,736000661416851,6,17,16,7,7,7
832,783540414562927,569,402,1075,3,3,3
833,659642341844087,45,13,13,6,6,6
834,725860276073435,426,30,38,3,3,3
835,406514536535141,254,64,53,3,3,3
836,831928565807347,394,10,9,2,2,2
837,990531990262197,440,86,164,6,6,6
838,583521225553283,431,11,11,1,1,1
839,256228052363761,116,19,22,4,4,4
840,374267518557531,386,8,8,2,2,2
841,595658968763005,130,15,12,5,5,5
842,572473666943831,471,106,65,3,3,3
843,371761608201889,59,60,167,3,3,3
844,766704184354385,46,38,60,5,5,5
845,826486417226325,2068,9,9,5,5,5
846,348358205668321,387,9,9,1,1,1
847,380126096747569,378,11,11,1,1,1
848,892248171705815,122,36,29,4,4,4
849,431851540618233,157,15,19,5,5,5
850,395287799562055,393,9,9,2,2,2
851,458159805976499,18,19,83,6,6,6
852,981533964350041,181,40,44,3,3,3
853,738149445281095,439,154,193,3,3,3
854,643259202484085,148,23,38,4,4,4
855,907070840866355,689,107,217,5,5,5
856,844917381638111,401,8,9,2,2,2
857,137627309305931,715,255,269,3,3,3
858,683662298485899,448,35,30,4,4,4
859,778315323661897,1116,17,18,3,3,3
860,442910070139143,401,29,39,3,3,3
861,440446386129169,388,9,8,2,2,2
862,459335345714099,382,10,10,1,1,1
863,286791036182465,17,9,15,5,5,5
864,110752203543829,421,16,51,2,2,2
865,317072302800791,384,10,10,1,1,1
866,893484326945101,636,35,182,3,3,3
867,575881782975067,9,15,13,2,2,2
868,119008450957153,389,8,8,1,1,1
869,568170947672619,379,9,9,2,2,2
870,610702006310151,13,21,19,6,6,6
871,178860857585243,64,16,11,4,4,4
872,883569543817629,58,70,41,5,5,5
873,140035159131705,393,25,16,6,6,6
874,351956409405907,544,106,66,3,3,3
875,411192677202917,13,22,17,4,4,4
876,875281568349757,416,10,10,1,1,1
877,321462064114299,33,28,18,6,6,6
878,248711341637385,98,12,22,8,8,8
879,353736407617519,133,32,103,3,3,3
880,391847467086173,49,19,18,5,5,5
881,797123495581731,250,12,12,8,8,8
882,557314702528409,48,27,14,4,4,4
883,520355334709271,10,13,14,2,2,2
884,732940331471391,382,8,8,2,2,2
885,791428653800887,37,43,32,3,3,3
886,431182885737009,47,16,14,5,5,5
887,811810780674621,56,8,8,6,6,6
888,114675617799587,21,21,52,5,5,5
889,732116246637279,395,17,32,5,5,5
890,970636443602879,479,79,219,3,3,3
891,507174677351543,383,17,13,3,3,3
892,371930071302191,17,18,16,3,3,3
893,296518756769557,829,387,515,3,3,3
894,115514214709835,388,39,48,3,3,3
895,995227999320685,844,12,10,4,4,4
896,631918860602775,41,11,16,6,6,6
897,832192401061105,55,7,11,6,6,6
898,687510950429557,115,13,12,4,4,4
899,880584119128521,425,8,8,3,3,3
900,215856923024591,395,103,67,3,3,3
901,977831345716287,87,105,84,4,4,4
902,931603317521397,50,17,42,4,4,4
903,289951819874285,1800,14,12,3,3,3
904,396449437208385,26,17,11,7,7,7
905,390800820121573,391,19,32,2,2,2
906,847118350152835,12,17,16,4,4,4
907,506367099242403,481,18,12,4,4,4
908,501545039815491,30,33,23,6,6,6
909,579547231452701,125,36,32,4,4,4
910,930774871898355,149,8,9,6,6,6
911,149046173807677,20,10,13,2,2,2
912,581095890011165,400,35,51,3,3,3
913,790388302255725,900,11,14,5,5,5
914,309707398977213,392,8,8,2,2,2
915,548637101795307,543,527,246,5,5,5
916,264838415178215,373,13,9,2,2,2
917,336851276237209,399,9,9,1,1,1
918,257246769409143,152,75,54,4,4,4
919,786501241204461,958,17,18,3,3,3
920,247402494593267,91,15,25,4,4,4
921,129690614662479,11,34,40,7,7,7
922,871132805868649,406,10,10,1,1,1
923,101922648221389,377,8,8,1,1,1
924,488491404036833,22,13,13,2,2,2
925,896298244431759,389,9,9,4,4,4
926,491360177796657,64,7,9,6,6,6
927,734148470804133,1324,9,9,5,5,5
928,491840161527425,156,15,18,5,5,5
929,366836341623469,374,8,8,1,1,1
930,479612723783981,380,9,10,2,2,2
931,626593655267225,474,16,16,4,4,4
932,370693239375725,610,12,9,6,6,6
933,160490853397947,543,229,263,3,3,3
934,852332201202121,1316,1134,950,2,2,2
935,661576087532281,36,17,31,3,3,3
936,361239611045955,829,11,11,4,4,4
937,303664817322141,29,30,24,5,5,5
938,111688597262647,43,35,36,4,4,4
939,383201154490581,102,27,27,8,8,8
940,725354010243795,378,8,8,4,4,4
941,113845679305633,446,87,53,4,4,4
942,194268806014733,380,9,9,1,1,1
943,416791012915697,592,122,296,4,4,4
944,191411801809139,385,8,8,1,1,1
945,212765062003457,390,8,8,1,1,1
946,744669640789935,426,26,27,7,7,7
947,304030065222001,625,26,19,2,2,2
948,766469571388557,465,9,9,2,2,2
949,637982805873135,671,16,18,4,4,4
950,502043628857123,1563,9,10,3,3,3
951,163264898410267,10,21,15,4,4,4
952,229821288065637,811,150,325,3,3,3
953,224988148707381,52,17,17,5,5,5
954,584601368850437,288,45,28,3,3,3
955,112876015132441,48,14,14,4,4,4
956,809354565188771,380,10,9,2,2,2
957,704831569236329,425,71,39,2,2,2
958,903148263579335,213,31,111,4,4,4
959,447384139346687,383,9,14,1,1,1
960,295016454679417,212,34,180,3,3,3
961,399768039698459,28,31,36,3,3,3
962,264492110288445,200,16,13,5,5,5
963,556584347438619,462,155,74,4,4,4
964,310459091124483,1058,354,93,6,6,6
965,782242648848813,927,32,18,3,3,3
966,109474173727831,403,47,36,4,4,4
967,355209931608493,393,9,8,2,2,2
968,333414954356767,701,131,74,2,2,2
969,663436844315465,249,13,21,4,4,4
970,755374075282999,32,44,33,5,5,5
971,933676432143051,22,16,14,4,4,4
972,325367425346091,18,25,17,6,6,6
973,435689328587241,1812,12,13,3,3,3
974,380234250677775,503,12,36,6,6,6
975,613365197881753,857,1269,443,2,2,2
976,795245363611983,30,11,11,7,7,7
977,341137205319971,1087,20,22,2,2,2
978,946115136904123,26,23,68,5,5,5
979,200127928691177,628,11,10,4,4,4
980,200826968049939,72,17,16,8,8,8
981,730766218581973,30,13,14,5,5,5
982,808372437029565,116,39,25,5,5,5
983,810886279181227,408,14,14,1,1,1
984,357998254138823,384,9,9,1,1,1
985,504846158417279,391,32,36,3,3,3
986,296212027545701,747,12,14,3,3,3
987,988799226049209,18,15,11,3,3,3
988,748204017898977,381,8,9,4,4,4
989,199211487798663,494,14,13,4,4,4
990,630046854203303,393,13,12,2,2,2
991,716722827176519,21,21,18,5,5,5
992,105278192275431,56,14,21,5,5,5
993,607749705254561,142,12,10,4,4,4
994,616878572976109,244,148,89,3,3,3
995,922502689286843,48,32,17,4,4,4
996,147838844285153,413,147,76,4,4,4
997,907580407193005,395,9,9,4,4,4
998,378147570354265,614,10,9,4,4,4
999,948560382969609,625,749,611,4,4,4
1000,916280471565645,602,463,623,4,4,4
