run_id,n,aqg_us,classic_us,aqg_factor_count,classic_factor_count
1,4679598374476128277597059519597187873235264836909886806063706427663486370123231672479098577322571463,2744422,2731496,7,7
2,9375192708614464660706891570959736200959836579382041713206321274892084514867624596279040905491316979,2809625,2830166,6,6
3,6394371903668976828809638916608659322597934634821729616139026859134315016162484009792331968679131663,40093,37917,4,4
4,5766531828381761367022030998347540005108725070176044907340163495188999828302639478592050515978006439,3259991,3250320,3,3
5,7522353276748135823165569163782178300351014297662126676987443149706493302914406692188551801509859299,788431,203819,6,6
6,4066703175684965351520186570444831568137320800467559790329960151569418382185211536537531040051927017,4066287,4292253,3,3
7,6905468722422089926072269731469051865072418494241419487674591311528363435265320593396116066257469011,2907671,2872389,3,3
8,8485755733584910013626102632120837283953228118370426539988505063112320434452711329468457048580519775,2816404,2822592,7,7
9,2834232102391892783743497958425576298103775943237700353405424810166709805280429271567386478790721869,2853881,2863614,3,3
10,9915352402748035169460985650173530852751615084827180086032273941309755245854752950715985160558146571,3405988,3426059,1,1
