run_id,n,aqg_us,classic_us,aqg_factor_count,classic_factor_count
1,83424021670891651283649921237488533885004683219995980771844224503898201783894748608618159934196210017492998251,3527875,3493149,3,3
2,59480350552714996904286614258733880786083745275733469054248874800448718952035272393354281961060151159414119611,3626503,3617103,1,1
3,18611438726101831214134567336608627733121273363821192234865952689367072045673536408427135384357028888769845411,3501051,3931569,2,3
4,89589299625943576079200215501344638036439018289278239722748541441681399781730903247817571624015734117072019029,3597037,3574215,4,4
5,65625574404942452917432344284681536899598211043639907948037223370383913522324543129466805023350746255018479231,3568374,3598036,2,2
6,92557360573605870273061705444345914632273650507679771749557618774852843263057325390341789524453902833097653341,3668939,3690209,3,3
7,59774605640653476521519178572563656972363615040547451100221570356854279974448785732767420303509178336862837815,3623194,3625417,3,3
8,40020523337578930525075330907247374270907506163027694402621499427531786573655590169452691505793068933228509111,3636492,3654088,2,2
9,13999051929113366430005757686217347695287800726948191701543838526514318886423943808991257437745540230504307167,3534369,3448762,3,3
10,68905262471319345089470046572402690534789378250057826651553993852323637109699264220206946473394243246326586767,3568846,3648578,2,2
