run_id,n,aqg_us,classic_us,aqg_factor_count,classic_factor_count
1,4650732931810254935440006109720379907864750365661175142079927560388349785057546980609177403701408808492264708149943747815608919915,22550,8517,4,4
2,9181369799788564355011253521543208472949467141516655783885080876091609577547828487332817030739173713789463014256203720024319740251,4304712,4336988,2,2
3,4301949966240796435599562898826787719409776353555931151731589546425241439970265475116069400203028262216086468724274205875146362337,4247405,4298864,6,6
4,2079047302713334602261461426899161572683392928694105719861270012168323667881824446803429851633220117476861411679562763888466811077,4334608,4449770,4,4
5,1923063488516225940245169894648517662995868646225388786056221268216753981840373426805527730891155269522786084729262241080890826793,8153,10600,7,7
6,8851976050946921870653753394865962454358654467429255684254638862664025700374668389335063066217556775896993533005084406885471994159,4364405,4382953,6,6
7,7624763712628221898592341169608139920858687312144875077258151005933104442741100014302805177403284681239392968556125580775533135475,4522558,4503679,3,3
8,3878343424639693512188936456818140743597544668583191934967307037941708446034878440882697327207444412459724530477867462928597740147,4498740,4632430,3,3
9,1733759203360176504486029211887094440118381897518516554399835672821207780637099050733635715627774979139098753102484139076240816421,4834694,4751959,1,1
10,6067512392715933033652084554668047254440247280564846463906170705331478416517457275188137816271706857624767206481414540515716773489,7510039,4775555,3,2
