run_id,n,aqg_us,classic_us,gnfs_us,aqg_factor_count,classic_factor_count,gnfs_factor_count
1,26341997815644061975,183,48,61,4,4,4
2,86169644591074797831,110,163,78,7,7,7
3,53597603726641556067,226,63,74,4,4,4
4,55398996818757755989,1579,1076,654,4,4,4
5,96369551944217062481,265777,56019,264854,1,2,1
6,28046498053531352949,70,59,110,8,8,8
7,88450681886744455865,581,34,40,4,4,4
8,56550909856072922505,564,17,16,4,4,4
9,29222519716319942849,34,58,38,4,4,4
10,27195869447327129371,789,498,370,3,3,3
11,50619945818793516205,646,18,17,2,2,2
12,40458693444055461897,76,110,36,4,4,4
13,73699239169983886537,235,342,149,5,5,5
14,32888566707301622067,97,24,42,3,3,3
15,69406687514723234445,952,882,232,9,9,9
16,19408715081790081139,21,25,25,3,3,3
17,10453638153763723497,651,28,38,3,3,3
18,24918724257461163147,7294,14569,26625,3,3,3
19,72363488435303368949,254,602,152,4,4,4
20,71670158423740420667,875,107,107,1,1,1
21,35620946902776627335,610,20,19,2,2,2
22,44096864140426687975,164,112,87,8,8,8
23,13002491638922339221,224,181,112,5,5,5
24,72145722745270875895,1069,1238,1360,4,4,4
25,38764618066055959901,32598,12089,12878,2,2,2
26,40531655497857736167,110,17,29,8,8,8
27,88526067736690900893,5730,5254,4026,3,3,3
28,98741227927353794113,191,167,56,2,2,2
29,72057902108949807435,280,92,99,9,9,9
30,42392893999502007491,117,141,137,4,4,4
31,30521261118301489833,24,21,25,5,5,5
32,68293971512059119585,162,100,130,6,6,6
33,17119078997933849395,96,147,125,5,5,5
34,73151543429273107725,15,23,23,6,6,6
35,62885604508058228427,850,946,416,5,5,5
36,75550144783355506267,870,99,99,1,1,1
37,26050911804242442931,1088,1009,949,5,5,5
38,68577738925851988567,36,45,51,4,4,4
39,65598118099013853447,29,40,43,5,5,5
40,58786616937024950053,590,34,38,2,2,2
41,61327294304101299497,65,88,51,4,4,4
42,20061852837599307929,840,279,189,3,3,3
43,40465127719229939297,29,17,13,4,4,4
44,10658483290251782205,1287,1245,806,6,6,6
45,47626495470774294287,849,96,95,1,1,1
46,64647070218042596041,659,51,203,3,3,3
47,52354219235956168099,566,33,32,2,2,2
48,79909179358052628267,715,79,78,2,2,2
49,87316904944713802891,22,27,58,4,4,4
50,79087769233390494345,19,23,26,5,5,5
51,68907830072775091325,1089,826,424,5,5,5
52,70567557032006654483,749,172,201,3,3,3
53,51201200569098961209,687,1604,1871,4,4,4
54,42089198487323761527,592,17,16,3,3,3
55,36407050272772664033,107,52,60,5,5,5
56,94244759342655249115,36,29,25,4,4,4
57,67567087622685761271,669,16,15,4,4,4
58,73089151922266032357,1280,781,635,9,9,9
59,90596926713495967637,30,60,41,2,2,2
60,66903964216366689199,1520,1612,368,4,4,4
61,55105272892945950861,664,143,112,3,3,3
62,25760655791042964897,41,32,80,8,8,8
63,69873189034723144629,45,44,34,10,10,10
64,73500376852656533649,1606,170,633,3,3,3
65,16562529191272751103,68,316,259,5,5,5
66,53302538721836682465,700,180,86,5,5,5
67,63501491672100820391,3816,3509,3442,3,3,3
68,74748006013227482545,109,119,75,5,5,5
69,20564367446013401195,926,22,23,2,2,2
70,53410597373825900959,32,56,47,4,4,4
71,33421732967666915841,86,232,226,6,6,6
72,92578475729567416605,93,67,50,5,5,5
73,42608869341045409593,61,43,38,5,5,5
74,85120573208739766093,510,99,203,4,4,4
75,53938911007928989295,1485,564,121,4,4,4
76,18731768019372663953,83,28,26,3,3,3
77,14022891286289902213,796,255,86,3,3,3
78,70828643282533580669,2082,2796,584,3,3,3
79,10537493950065967009,27,24,20,3,3,3
80,50567315164787630773,142,50,45,3,3,3
81,52673044211173440749,31,84,45,2,2,2
82,11997711036819097785,14,27,20,11,11,11
83,47000129693443691527,739,106,403,3,3,3
84,33301928147497412651,2898,2604,1755,2,2,2
85,76320944712322629307,908,82,134,2,2,2
86,96491648109986087167,885,387,534,3,3,3
87,12927573029310867001,20,22,21,3,3,3
88,50450506150700072705,6312,4140,4935,3,3,3
89,57643702472606787659,9120,14925,12223,2,2,2
90,24402424661723325267,215,46,22,4,4,4
91,87862435863068528989,528,71,26,4,4,4
92,25364273855652511017,25,23,23,6,6,6
93,77192458479775932587,26,34,25,5,5,5
94,48542968758254139599,856,100,100,1,1,1
95,21373126799567871727,147,30,34,3,3,3
96,47620556137733436331,111,138,80,4,4,4
97,62060883883605693439,17,32,43,2,2,2
98,76867540206099558001,738,375,147,3,3,3
99,72537431348519225509,1091,418,530,2,2,2
100,75375290818921679367,60,38,32,4,4,4
101,88501250165670680187,913,288,318,3,3,3
102,50961686869505834165,466,18,21,4,4,4
103,35275682551671214927,467,1483,201,3,3,3
104,97852618108513551547,1062,840,672,4,4,4
105,34955289376721178507,214,59,140,7,7,7
106,10383888571176831667,159,162,236,4,4,4
107,42090012755892956699,2446,48,52,5,5,5
108,29032935088332509585,602,15,16,2,2,2
109,70080239869141615001,91,62,61,8,8,8
110,64840875586165431731,480,22,17,4,4,4
111,86468751629318792209,805,116,61,4,4,4
112,99534559328914143827,147,78,163,5,5,5
113,88851915625421296835,149,172,77,4,4,4
114,36899946517258837255,607,15,16,2,2,2
115,86640751285808601313,836,99,99,1,1,1
116,58208050710960174565,624,18,18,2,2,2
117,20882465940965891101,381,18,14,5,5,5
118,35187465601527220665,131,52,100,7,7,7
119,45290241373161056661,524,15,65,6,6,6
120,94158993536726292977,22,17,19,7,7,7
121,58610143067593865173,929,101,101,1,1,1
122,35110135225093998377,140,29,50,5,5,5
123,40638298711741298387,143,46,41,3,3,3
124,34994996708371677381,838,177,85,3,3,3
125,64019974382460266065,16,26,20,5,5,5
126,87670420659477244439,3755,5573,5728,2,2,2
127,77107292965422899639,159,94,128,3,3,3
128,43484826370800112519,27,257,98,5,5,5
129,41864087808604792809,402,54,52,5,5,5
130,47118569921006384327,915,104,103,1,1,1
131,33039026734195081409,54,28,27,4,4,4
132,29772511592510767111,758,176,130,2,2,2
133,80247607078537990211,183,70,71,4,4,4
134,32396817976915936003,360,366,508,4,4,4
135,23802306525515130387,119,200,306,5,5,5
136,59828348097702900705,536,18,17,4,4,4
137,48723215556116302899,613,17,17,2,2,2
138,17661700384068502389,14,18,17,3,3,3
139,45724405500285302751,21,22,21,3,3,3
140,80139043979313680623,7170,9708,8192,2,2,2
141,96841652291582864807,59,75,119,5,5,5
142,93298106237231552971,888,112,112,1,1,1
143,38419587158905021935,4932,2777,2966,5,5,5
144,56836308639297463789,270,145,103,3,3,3
145,43742445121526888341,11,22,23,5,5,5
146,36810185238051095695,55,60,60,7,7,7
147,81054642309106497921,122,25,42,7,7,7
148,47159705418487177779,21,33,46,6,6,6
149,24754230857351620009,463,15,13,4,4,4
150,41203835716905353993,611,65,48,3,3,3
151,79739198527236476049,113,65,49,5,5,5
152,57112018502428103249,14,19,21,4,4,4
153,69584626637467423333,846,101,101,1,1,1
154,76080729374035639871,530,22,19,3,3,3
155,54190270037092294453,56,33,41,2,2,2
156,66758411838214993315,621,18,18,2,2,2
157,12034094552088007411,1283,3959,3397,2,2,2
158,20646540543821695857,1972,731,733,4,4,4
159,66372157129008720097,64,103,54,3,3,3
160,69132786970043723141,875,260,494,3,3,3
161,20101014444268078659,161,474,1200,6,6,6
162,45906070602734207487,104,193,126,6,6,6
163,17765305692662487905,41,29,24,5,5,5
164,43348318590666610533,185,34,26,5,5,5
165,71310349428410955921,29,35,37,4,4,4
166,73591625038650684653,537,20,19,3,3,3
167,43972756484050782603,435,45,49,4,4,4
168,24042467642016388945,604,18,18,2,2,2
169,57779447660431861281,697,61,61,2,2,2
170,59794481713892222527,108,65,97,5,5,5
171,45305721129668147111,723,939,2107,4,4,4
172,74863897875694706819,32664,5395,117328,2,2,2
173,44256291098259716591,4114,9083,1143,2,2,2
174,89351562046305445709,50,95,83,4,4,4
175,91599301672927349369,73,177,76,5,5,5
176,34242950080259148239,1497,766,748,4,4,4
177,24934896395419401613,3367,3405,7794,3,3,3
178,23058333959866411539,22,17,20,3,3,3
179,83528151001274474949,27,41,42,4,4,4
180,38008946894220344491,498,21,23,3,3,3
181,22395115264300382891,55,26,31,4,4,4
182,55710061804318542633,48,63,57,5,5,5
183,66652013028763953065,59,38,26,4,4,4
184,63584916575403732191,1764,1277,1418,3,3,3
185,54505436871228287187,730,478,410,4,4,4
186,47088850840463194261,324,51,40,2,2,2
187,90792779106260673185,3565,15178,5242,3,3,3
188,93858992981024358349,878,109,108,1,1,1
189,82010983884427987645,2568,3163,1382,3,3,3
190,92022672360974938045,83,42,28,4,4,4
191,60102250359849054947,54,114,145,4,4,4
192,19093605029015996793,462,11,14,4,4,4
193,98676703169604039961,942,222,271,4,4,4
194,87050269119888833373,3936,2314,4485,6,6,6
195,46847043821654947373,845,93,92,1,1,1
196,89702379698479579239,603,17,20,3,3,3
197,99144332985653060673,1853,2409,2581,4,4,4
198,94940322746837098197,68,121,98,6,6,6
199,35860935612045792511,264,326,130,3,3,3
200,63157681143937795413,639,74,44,4,4,4
201,89124157790287464473,1093,892,1055,2,2,2
202,33587486694732044463,248,275,359,5,5,5
203,43884954445947615897,571,13,13,3,3,3
204,74597325608517741037,34,22,23,4,4,4
205,63016069066573263929,9468,5388,1892,2,2,2
206,64753051467782594897,848,109,124,3,3,3
207,43823750353767339519,520,904,451,5,5,5
208,56868541266447464787,78,17,27,7,7,7
209,20605664728817317559,322,453,930,3,3,3
210,43356647621249548905,545,12,12,4,4,4
211,27536240869745563785,651,126,97,5,5,5
212,44951211933446881701,603,17,17,3,3,3
213,70534497127143657865,631,17,15,3,3,3
214,10107855836387152697,392,345,646,5,5,5
215,86240660167620291473,791,1693,922,4,4,4
216,29232370089789794133,563,21,18,3,3,3
217,31427483064314317553,3402,8042,2997,2,2,2
218,57354732480404017711,39,58,57,5,5,5
219,90100225248939702705,771,138,300,4,4,4
220,66946191758889104251,1431,320,458,2,2,2
221,73598793847635397795,1341,312,356,3,3,3
222,47745447865321822535,4862,1602,1538,3,3,3
223,84778661145633642513,62,24,43,6,6,6
224,28416355937229700801,1046,269,306,3,3,3
225,92084293483337871209,642,14,16,2,2,2
226,26187407190758112477,71,74,207,5,5,5
227,21547012143589326883,475,118,78,4,4,4
228,57341818518778597693,846,95,94,1,1,1
229,57555988818396799147,131,59,69,3,3,3
230,74744193147602435089,43,51,42,3,3,3
231,12482513468812572753,743,125,229,4,4,4
232,60050847376325012743,1456,309,417,2,2,2
233,76118174994499535385,4673,2578,2138,7,7,7
234,30099679571504334793,103,38,54,3,3,3
235,74735026772865311789,180,372,557,3,3,3
236,87407948023954859403,59,45,57,8,8,8
237,64915849379209804885,42,27,24,6,6,6
238,96415878998727991111,29,40,40,4,4,4
239,13983891867389411361,474,228,272,8,8,8
240,34493895156062777955,435,122,123,7,7,7
241,13605519306916785163,813,1062,1865,3,3,3
242,11543955186854346951,366,445,1228,5,5,5
243,42556958729238067363,643,16,17,2,2,2
244,63657119496507086069,45,61,72,5,5,5
245,79248665721226941705,1310,1059,435,4,4,4
246,48658588199116100107,939,269,39,3,3,3
247,25052450700216457891,44,53,61,4,4,4
248,18411909836537247815,3596,2635,4663,4,4,4
249,56540491081482930487,63,52,42,5,5,5
250,98317875150846550791,1199,152,252,5,5,5
251,86253771126811009481,156,45,45,4,4,4
252,43519087519859382095,34,26,56,7,7,7
253,33360029062504784295,34,25,30,6,6,6
254,43699344568482075729,678,137,162,4,4,4
255,12745092009828507081,176,259,190,5,5,5
256,97231671580661097557,122,68,77,6,6,6
257,21877812971521747147,535,19,18,3,3,3
258,47359434361356034691,600,18,17,2,2,2
259,20427048410335998463,49,32,30,3,3,3
260,23220053272758044337,35,27,27,4,4,4
261,23695854888875291159,738,74,74,1,1,1
262,30992478933400332455,658,16,16,2,2,2
263,10341703676892569533,622,17,16,1,1,1
264,19885557337982835449,98,71,58,4,4,4
265,53759000326055810247,719,181,140,7,7,7
266,99962386062680505059,1828,2381,447,2,2,2
267,22644562169640714325,51,33,40,8,8,8
268,61517800947191854615,22,20,22,4,4,4
269,38609730355921812709,34,44,52,5,5,5
270,37376187788912470919,20,41,35,2,2,2
271,10346767599816567515,260,489,194,4,4,4
272,99197190072340293775,47,54,54,6,6,6
273,65476694024601449181,44,51,41,6,6,6
274,67202979335783254399,1641,1334,1222,3,3,3
275,74443363597499531737,831,132,106,1,1,1
276,65441911028807850991,49,45,35,2,2,2
277,46482432196048021559,26,39,35,2,2,2
278,87024794481722074431,122,43,60,4,4,4
279,82520176853794340037,586,21,19,3,3,3
280,14436636767985351009,119,118,132,4,4,4
281,58394099498211227295,27,22,21,9,9,9
282,24390049248772922193,527,19,18,3,3,3
283,57232465581326113131,122,56,88,5,5,5
284,20478972669082485075,1592,597,265,8,8,8
285,88023900544167837317,24,50,41,2,2,2
286,48976228121100562797,50,25,28,4,4,4
287,64177284389897697819,32,83,81,5,5,5
288,91763370609822697655,168,366,173,4,4,4
289,24053924431896065683,97,57,69,3,3,3
290,44620994415736107843,644,12,12,2,2,2
291,38949266155471486889,524,313,118,3,3,3
292,57447886973565137049,1200,20,40,8,8,8
293,84599336395717616615,1698,1176,634,4,4,4
294,85184524513640390273,59,78,59,6,6,6
295,75798079089609310999,1248,381,453,3,3,3
296,73653555996186907767,49,79,47,5,5,5
297,17039549114581540769,415,68,28,2,2,2
298,87940946001753879283,1225,753,675,2,2,2
299,63564104064951601963,874,107,113,1,1,1
300,76092800793856475183,538,559,79,3,3,3
301,81110330845605571721,860,102,101,1,1,1
302,77103372574144239251,871,105,105,1,1,1
303,12890176317667971137,31,19,20,2,2,2
304,68737928317999231443,114,137,116,6,6,6
305,17540060957447338945,532,17,17,3,3,3
306,61798579896830465447,38,43,73,4,4,4
307,50234259360699017703,469,16,16,6,6,6
308,44810261716381289461,42,57,54,4,4,4
309,49144724210193932871,610,12,12,3,3,3
310,37860085960952301447,15,16,21,4,4,4
311,50355621147093283991,2638,3665,3324,3,3,3
312,17823873788621388035,535,18,18,3,3,3
313,44993224547249612713,114,273,333,4,4,4
314,55194930098403981877,1123,203,504,4,4,4
315,49536516720992582133,3219,6082,17400,4,4,4
316,50445002444358210937,934,207,130,2,2,2
317,15790190037085964355,543,450,143,5,5,5
318,27013291608243077419,24,23,25,3,3,3
319,80933021722131186279,40,55,70,7,7,7
320,11213284462787735515,3725,2135,1457,4,4,4
321,70814428425670071295,143,628,628,5,5,5
322,21682310012964478585,83,78,34,3,3,3
323,77400199025000450463,362,100,268,4,4,4
324,47901288092730118271,1011,164,67,3,3,3
325,71078559778227544169,628,248,160,4,4,4
326,52072276037638148885,616,17,15,2,2,2
327,35148552375088972623,56,34,29,6,6,6
328,80775751577813505599,1359,433,2880,4,4,4
329,59550726991220847549,175,130,137,6,6,6
330,91486041192882907017,491,28,158,5,5,5
331,45484301359541371721,32,55,38,4,4,4
332,47095828333168013867,132,27,101,4,4,4
333,26524013300256134581,2261,2236,260,3,3,3
334,49368905829728934877,836,103,107,1,1,1
335,93674013428690844735,1747,477,1349,4,4,4
336,61323887245951786079,36,41,32,5,5,5
337,30303343415413800181,63,60,38,3,3,3
338,36120585209842656067,138,42,74,3,3,3
339,25729739735451821919,30,19,22,4,4,4
340,75894772755536003201,15,36,33,2,2,2
341,85053563346888685783,20,24,21,3,3,3
342,46817028056659271277,173,50,81,5,5,5
343,80799401186737839237,149,72,137,4,4,4
344,13825413926105977909,596,103,55,5,5,5
345,15283962272312248061,2001,1300,2587,2,2,2
346,62256953648676726249,41464,8696,73293,3,3,3
347,28225954302786400641,76,38,13,4,4,4
348,64154169391374860257,1320,836,168,3,3,3
349,51225346437597275859,13,19,20,4,4,4
350,67104305195613529991,746,253,381,3,3,3
351,70842550927243680973,1959,856,853,3,3,3
352,48411777457201646155,42,34,30,3,3,3
353,72268265346732315265,15,43,28,3,3,3
354,98219691820663298205,621,15,13,3,3,3
355,37126790638690736557,602,527,642,4,4,4
356,38142096999547229981,878,89,88,1,1,1
357,30543542726429154319,1005,251,280,3,3,3
358,87424367705508680433,377,204,92,5,5,5
359,21511915963474134771,592,17,16,3,3,3
360,94164255125771016871,109,74,170,3,3,3
361,47358755822353197389,34,26,24,3,3,3
362,47678631428579632079,3550,6622,2223,2,2,2
363,57100814860864300821,390,167,130,5,5,5
364,84813759134842256387,43,44,40,5,5,5
365,58802241357732506627,94,95,74,4,4,4
366,22741718915099254199,1933,990,3378,3,3,3
367,48325819262813974941,13,20,27,5,5,5
368,72925910921233958503,51,125,107,3,3,3
369,55289675784813833843,240,53,19,3,3,3
370,39253417820864900651,39,54,84,4,4,4
371,18493859057620370147,71,271,149,4,4,4
372,14667308676106531623,100,38,54,6,6,6
373,75733551545161075255,24,24,30,4,4,4
374,43480454271849870499,856,318,337,3,3,3
375,34425008321101004013,740,188,182,4,4,4
376,35821290679238881511,785,87,87,1,1,1
377,50698456061967603815,25,25,18,4,4,4
378,51716883485149658285,2481,758,2604,3,3,3
379,88332429617918636723,125,53,60,4,4,4
380,58984559408171047713,218,384,189,5,5,5
381,78871467115173385905,20,15,19,8,8,8
382,85637732521399242801,29,41,34,3,3,3
383,57755592621531870859,648,74,65,3,3,3
384,48341654252335448585,839,398,101,4,4,4
385,19305337256786806875,2335,21,23,9,9,9
386,94515877852402089009,404,40,29,3,3,3
387,65894747695515069315,91,30,41,5,5,5
388,53231618243984969741,230,45,26,4,4,4
389,64756389044657887111,74,164,96,5,5,5
390,36702556047305489709,690,13,13,3,3,3
391,52073028845616910189,29,61,86,4,4,4
392,73391202467281877585,1037,205,433,5,5,5
393,55273192517908465613,65,74,70,4,4,4
394,80195292863558713519,147,83,15,5,5,5
395,72262541297122195381,38,33,36,2,2,2
396,94002867149952577767,125,142,90,6,6,6
397,33807906468556826525,74,30,22,4,4,4
398,78066940269085274261,1615,2101,799,4,4,4
399,31940631796902159887,753,91,90,1,1,1
400,90124758271569197419,161,340,154,3,3,3
401,12057998870914308717,429,276,248,4,4,4
402,50220538458182705895,509,104,64,6,6,6
403,50662317194344119539,103,52,38,3,3,3
404,68933858120980332089,595,18,16,2,2,2
405,46162013106711348473,54,30,32,3,3,3
406,84507121802543641287,36,43,39,5,5,5
407,20152928535749155107,21,22,25,7,7,7
408,31976631796250930165,45,77,73,5,5,5
409,36718945401896464309,2151,209,395,4,4,4
410,27805478548879560119,189,68,88,4,4,4
411,27195365346760689055,1083,980,933,4,4,4
412,92481412185147371635,10296,51225,25305,3,3,3
413,40604656642935788593,18,29,28,2,2,2
414,44345366818801144575,1366,1353,5807,5,5,5
415,83429021473466865429,528,304,345,5,5,5
416,28296519786168967335,80,35,99,6,6,6
417,84168461565699095557,58,125,76,4,4,4
418,38605922216210897987,4006,900,2605,3,3,3
419,99841695148999533125,17,18,21,7,7,7
420,89006417890563692233,888,216,301,4,4,4
421,87555495017561506637,87,105,58,5,5,5
422,45516650144141724173,537,525,236,3,3,3
423,14391613981467222203,592,16,15,2,2,2
424,10555967671462159077,55,48,60,5,5,5
425,19226998652755712711,574,16,14,2,2,2
426,70309195627693697105,17,23,23,6,6,6
427,74869561025678738043,545,222,763,6,6,6
428,31519560868243518025,682,190,155,5,5,5
429,70963778792486386389,459,226,175,6,6,6
430,25210003837151752519,1383,2748,2997,3,3,3
431,19653897276202923311,66,53,49,4,4,4
432,98123546774478169561,19,21,20,3,3,3
433,98459923413121914663,25,19,20,6,6,6
434,78820115965347732029,450,1283,1396,3,3,3
435,26901059949115863371,13,19,25,3,3,3
436,40686848933687394933,31,34,24,6,6,6
437,61847105616773594911,861,111,106,1,1,1
438,22247227671104319643,98,41,41,4,4,4
439,95468758928738391517,604,585,770,3,3,3
440,40971278793906703995,23,19,28,5,5,5
441,30271739706744242405,800,273,99,3,3,3
442,95395812682368857637,129,166,85,6,6,6
443,53401690179275810583,144,76,99,6,6,6
444,91411612185815991615,539,52,20,6,6,6
445,92439893010779493161,541,17,15,3,3,3
446,68853357122502782507,44,52,38,2,2,2
447,95894322446702872893,1369,1540,854,4,4,4
448,50202854739717720411,46,23,34,5,5,5
449,18893894776587166321,772,65,65,1,1,1
450,94543790513376734749,23,58,34,2,2,2
451,68027203501583888869,111,437,228,5,5,5
452,80754963576680623933,44,59,45,2,2,2
453,26538085242559398915,531,17,17,5,5,5
454,62914543974684537019,1801,1361,1910,2,2,2
455,74376824439871351301,875,100,104,1,1,1
456,47817111906288615901,1036,133,380,3,3,3
457,96303648339616420439,652,20,19,2,2,2
458,79210437445973866515,115,110,118,7,7,7
459,69050501516722225833,646,88,75,5,5,5
460,91956718147713135571,810,1374,1729,4,4,4
461,47474950223642683821,288,133,136,6,6,6
462,83546109081530535801,569,21,19,3,3,3
463,98518450139129876243,1375,460,1017,2,2,2
464,89564746708891492251,204,38,54,4,4,4
465,66434398907059312947,16,22,28,5,5,5
466,50881412444759770813,56,49,73,6,6,6
467,67550262394364813371,490,66,71,7,7,7
468,93071095279862796997,1127,296,207,2,2,2
469,53972128691013377689,535,17,15,3,3,3
470,88065840837758408367,78,154,90,5,5,5
471,51572523394313240891,26,22,18,5,5,5
472,40523588899283938587,87,36,43,5,5,5
473,15055848868666392005,40,37,28,5,5,5
474,15463659800576035679,96,29,53,3,3,3
475,87725808678360362035,30,37,30,4,4,4
476,25903375133024951731,128,269,71,6,6,6
477,34250047010394318023,675,244,86,3,3,3
478,39925829879628218073,504,19,22,5,5,5
479,72294488302979017547,73,65,62,6,6,6
480,31550983750338016399,4925,16834,4851,2,2,2
481,75822517134362633695,949,179,63,3,3,3
482,69541475353632263329,40,28,18,4,4,4
483,32944777520045197185,82,25,23,6,6,6
484,80819141029809518281,1040,332,376,3,3,3
485,28563322957628381443,585,20,20,2,2,2
486,99795155211767347433,1409,421,134,2,2,2
487,78569806137339428661,850,132,112,3,3,3
488,83916354624884564159,17,42,34,6,6,6
489,85114820473405095161,30,56,44,3,3,3
490,34907165236020823141,44,44,60,5,5,5
491,27356494864291301483,599,14,14,2,2,2
492,67145018952177770411,228,60,58,3,3,3
493,54011771186483427959,467,533,179,3,3,3
494,70859791048591075009,1276,536,603,3,3,3
495,66978073874626524287,1005,225,263,2,2,2
496,20661305258290657665,644,14,16,6,6,6
497,40959730588391889513,1683,625,640,3,3,3
498,31837752481593405947,758,90,89,1,1,1
499,80103286595140889813,1114,170,275,3,3,3
500,23742608054484302609,704,85,113,4,4,4
501,69405730935773929927,2371,1968,3851,3,3,3
502,16595161613267059277,555,13,14,3,3,3
503,35968210014133782123,114,41,93,4,4,4
504,31749754374996439505,121,53,54,5,5,5
505,78818460404796224531,8183,69061,37299,3,3,3
506,27150921050649866235,42,41,74,7,7,7
507,43649909907399556255,616,19,20,3,3,3
508,27501170344185680019,570,15,15,4,4,4
509,38576955602560012015,21,22,22,4,4,4
510,87787350225253817841,47,37,42,6,6,6
511,91284161737480454559,15,39,32,3,3,3
512,70796778131137556609,918,108,108,1,1,1
513,62600199422207762105,1042,678,68,5,5,5
514,85382169550282997617,57,89,180,4,4,4
515,93381101799448127555,319,83,207,5,5,5
516,87588031822605971551,27,55,43,3,3,3
517,35744579073140054153,371,1072,618,3,3,3
518,56999922035375332161,23,23,21,5,5,5
519,12541528264943865753,5599,4107,8212,4,4,4
520,99358878283063955343,17,31,23,7,7,7
521,12396129387936280401,650,17,17,2,2,2
522,96872665241472132793,658,23,19,2,2,2
523,62315530646723818901,55,46,27,5,5,5
524,82872078468522093469,637,45,46,3,3,3
525,11602182085670769381,37,20,20,5,5,5
526,67252972422726527555,121,90,61,3,3,3
527,76949190096429074779,188,91,125,2,2,2
528,60202968370619915183,211,35,37,3,3,3
529,52633709551322895829,129,60,80,3,3,3
530,16525426015691049177,26,21,27,5,5,5
531,46583545422364455335,675,20,21,2,2,2
532,73583834722441616413,349,569,239,3,3,3
533,40393732669797384869,219,104,137,4,4,4
534,40648756616314105587,582,18,18,3,3,3
535,71255420918799820513,60,63,61,5,5,5
536,91337007962048203123,497,107,64,2,2,2
537,21545959345404933225,588,89,44,5,5,5
538,65108821124972337569,1050,283,295,3,3,3
539,44008849096267423335,148,337,149,7,7,7
540,82060871288385887899,22,40,34,2,2,2
541,94569745748414754841,504,144,215,3,3,3
542,46636959151106140867,173,92,126,6,6,6
543,46562500423507643127,671,150,96,6,6,6
544,39360963897318690099,698,123,189,6,6,6
545,52404458124168506983,3266,1747,2883,3,3,3
546,70124213476192155947,381,458,269,3,3,3
547,91694708700562541963,1023,123,122,1,1,1
548,62332779185897869563,31,28,27,4,4,4
549,39128223551033380301,57,36,36,2,2,2
550,65654975541059278831,731,347,117,3,3,3
551,23587588681500435181,101,104,38,3,3,3
552,72523018215237794839,235,304,411,5,5,5
553,20639624387579224833,605,15,14,3,3,3
554,86671738367113710573,20,23,25,6,6,6
555,27667703693281226127,64,123,121,7,7,7
556,46130060650897710851,314,66,115,6,6,6
557,12879433745040294207,626,132,48,5,5,5
558,91151223018551694813,26,37,34,4,4,4
559,76074915819073692495,15,17,20,6,6,6
560,36760703980107330825,34,32,32,8,8,8
561,81339610162866884893,280,315,470,4,4,4
562,91658605972111036321,741,23,22,2,2,2
563,98447824289918904619,44,24,21,5,5,5
564,83729567019578897777,227,268,141,5,5,5
565,88442172182476992273,541,96,145,5,5,5
566,40344417127135344869,890,101,101,1,1,1
567,27729411158327708075,491,39,39,4,4,4
568,29013374800212148683,10710,4209,1396,5,5,5
569,95077664056503037415,670,48,33,4,4,4
570,65578321730611912529,115,200,146,5,5,5
571,25522463297166224491,55,31,41,3,3,3
572,90316098025158072101,647,20,22,2,2,2
573,92051462912046120339,9952,40020,6002,3,3,3
574,76688484172494346403,865,215,254,3,3,3
575,40028315902617096551,26,25,15,4,4,4
576,64607859666168773673,1435,592,1535,4,4,4
577,24502081212740290995,25,23,21,6,6,6
578,98002498647991273281,67,67,246,8,8,8
579,99823185149182089103,34,53,54,3,3,3
580,82573477407408835081,220,34,63,4,4,4
581,60272551858142496825,349,329,448,7,7,7
582,82748590828752275665,2602,2446,651,4,4,4
583,53820448681377324271,938,308,125,3,3,3
584,57819935668881295617,809,241,76,5,5,5
585,94667218037395777637,35,69,42,3,3,3
586,18178761371351904549,53,40,46,6,6,6
587,99716216951884714365,155,35,18,5,5,5
588,60510507237299379275,45,24,43,5,5,5
589,50214484055920797231,96,62,36,5,5,5
590,81097395543511613565,44,34,25,5,5,5
591,50567890233286394741,71,85,134,3,3,3
592,11046949563650879541,661,167,91,4,4,4
593,85423310127428995635,14,16,16,6,6,6
594,32257941467405613097,86,31,51,5,5,5
595,11742636170026531225,12,15,16,5,5,5
596,24462872512038413767,804,86,85,1,1,1
597,14193576945415454829,40,36,32,6,6,6
598,21468109968864044071,785,388,157,3,3,3
599,39343264036384635559,362,59,320,4,4,4
600,95156624092356736111,931,113,113,1,1,1
601,43303026266350462921,1048,347,385,4,4,4
602,87559302006300364067,1047,457,618,4,4,4
603,35216287297907450151,413,28,45,3,3,3
604,84524894177291565495,572,16,15,4,4,4
605,54975198639055822003,1485,1093,698,3,3,3
606,76206782917766372579,656,17,25,2,2,2
607,74326713947093397723,138,38,42,4,4,4
608,28299756963863594025,4583,787,3893,6,6,6
609,12797238965744255105,888,213,256,4,4,4
610,14014847514364263359,30,22,21,5,5,5
611,59272638569537380771,26,19,43,4,4,4
612,13170420048305447277,95,129,92,5,5,5
613,59448649644307113245,522,20,21,4,4,4
614,10955955736709713711,789,222,157,3,3,3
615,77893076304132135003,608,498,673,6,6,6
616,87687128633353413379,8224,1256,2829,2,2,2
617,21846549036324868113,32,26,26,4,4,4
618,38374664571257118013,44,64,60,7,7,7
619,10958205100184673371,227,33,30,3,3,3
620,68133318197458644451,795,137,160,3,3,3
621,54035127434486136379,108,51,60,5,5,5
622,33210507760562151153,1574,2040,1154,5,5,5
623,24883100402253291393,671,536,271,4,4,4
624,93294551933327538497,615,14,13,2,2,2
625,42513372062797561571,4651,3198,3621,3,3,3
626,13512082129867334151,125,90,81,6,6,6
627,48548472476683114155,92,50,46,8,8,8
628,94453444698732062547,3220,5493,6160,3,3,3
629,45550060559841824979,54,45,52,7,7,7
630,48982557136689606195,555,15,15,5,5,5
631,14500627871683321589,589,71,32,4,4,4
632,57821034657270889663,1124,179,189,2,2,2
633,87431442548997126243,668,56,46,4,4,4
634,13344157293746337667,621,129,78,3,3,3
635,90057793545158185539,507,304,603,7,7,7
636,50324209546441464015,546,16,15,4,4,4
637,64463849910876463157,598,15,14,2,2,2
638,52691067926703858667,938,136,374,2,2,2
639,44965123876084586577,568,13,19,3,3,3
640,67724475328951580441,72,389,226,3,3,3
641,20120212746162165209,89,49,45,2,2,2
642,17237786877812209753,551,205,36,4,4,4
643,43271306933503065211,972,170,377,3,3,3
644,97371852626952147797,36,21,20,3,3,3
645,96714802282339080477,536,46,87,5,5,5
646,84353503419754225001,74,112,137,6,6,6
647,81782813419906175769,207,97,123,5,5,5
648,24223395218433651569,48,40,66,6,6,6
649,63865616160298641799,475,394,335,4,4,4
650,75466586533761139937,968,290,267,4,4,4
651,17472397600148778307,1181,752,948,3,3,3
652,69673401083502501067,57,48,45,3,3,3
653,69230690627339971469,2101,1617,423,3,3,3
654,29355445441694566113,1061,412,805,4,4,4
655,89177497597548150147,650,101,43,5,5,5
656,30331168907476915717,570,528,1340,4,4,4
657,60349767488364714433,982,464,953,2,2,2
658,93003313081003082463,2471,1605,3611,3,3,3
659,55600628923721643303,91,46,73,3,3,3
660,26997589663754709529,1009,345,404,3,3,3
661,92432234912447462229,682,87,58,5,5,5
662,21212622680068771887,519,596,149,5,5,5
663,40522748007107748431,26,28,25,3,3,3
664,40708365478538634569,396,20,67,5,5,5
665,44197097570754821029,64,75,46,3,3,3
666,73465228658988405411,510,19,16,4,4,4
667,54206509457522767325,18,23,23,4,4,4
668,44292876868757481581,930,101,100,1,1,1
669,34409195864973455127,35,24,37,5,5,5
670,63431434882355981935,648,178,38,4,4,4
671,26731038264103426193,76,54,42,3,3,3
672,14685406054869879099,67,64,40,7,7,7
673,45413607776905354205,618,18,17,2,2,2
674,88713372838385729427,18,19,22,5,5,5
675,25850264221032378605,612,19,18,2,2,2
676,46666320845450763483,34,29,22,6,6,6
677,42290299987585633047,443,1010,570,4,4,4
678,40393197286793515365,2770,1105,1551,4,4,4
679,55367503587167365947,63,34,34,4,4,4
680,19214331444169838573,1165,189,137,3,3,3
681,34288621492969539683,21,29,25,6,6,6
682,21780419607883257955,17,26,23,5,5,5
683,80500019643386657983,4007,581,4942,3,3,3
684,80392846221789173371,24703,872,16555,3,3,3
685,45443367416072725253,746,402,357,6,6,6
686,12096613917306619291,841,576,415,3,3,3
687,79006017119394344881,660,28,83,3,3,3
688,43262152098300300255,98,43,28,6,6,6
689,14834291712065487675,1381,35,38,8,8,8
690,12799061017685196409,353,187,459,4,4,4
691,61774406173023075397,104833,144976,55015,2,2,2
692,54122326849941671713,257,66,103,4,4,4
693,52431806151925893981,424,81,81,6,6,6
694,88993475096578768121,626,16,16,2,2,2
695,70824044279871560677,71,54,76,5,5,5
696,47872293649759495387,59404,75208,86105,2,2,2
697,22130100374305456711,49,39,39,2,2,2
698,44991714586186370503,4051,6780,1712,2,2,2
699,32800304693120966325,719,144,26,7,7,7
700,70502822694829343101,68,541,965,3,3,3
701,72317614005598372767,268,110,182,5,5,5
702,42827841420945738311,562,14,14,3,3,3
703,88236720462270679261,346,132,179,2,2,2
704,96680259923309671887,743,157,33,4,4,4
705,55544903302256597893,12,21,27,3,3,3
706,53047289753007384867,49,21,31,4,4,4
707,62519634478807031941,875,100,100,1,1,1
708,16022125063936599323,428,133,99,4,4,4
709,32160808648237806039,39,20,19,4,4,4
710,75137884354506696831,734,323,368,6,6,6
711,86710877671226832233,5295,22116,24825,3,3,3
712,15684490487267644541,152,184,90,4,4,4
713,63088361048787495071,58,70,28,7,7,7
714,98219165341859902093,627,22,18,2,2,2
715,23133964787235755735,34,23,24,3,3,3
716,77402292631518226225,19,23,13,7,7,7
717,35612750306907563479,121,129,108,4,4,4
718,55911671532510845703,572,20,17,3,3,3
719,45878988401197893347,1001,202,137,3,3,3
720,71281420675033144171,725,259,507,3,3,3
721,25578473549159920895,80,137,209,6,6,6
722,37276868365364582953,19,33,31,2,2,2
723,33856871956092275605,23,24,27,4,4,4
724,43947991135260663827,473,501,560,3,3,3
725,13612735110013097923,193,32,26,2,2,2
726,10322452970808044061,98,23,40,3,3,3
727,22754413513912977755,1373,846,903,4,4,4
728,79987704715241936581,1482,392,660,2,2,2
729,62846765803641227053,851,98,97,1,1,1
730,84806564798436801141,72,42,46,3,3,3
731,50869285057561816145,45,20,22,3,3,3
732,37403875828169568105,431,244,144,6,6,6
733,51378056143757547083,72,35,26,3,3,3
734,13737774765489946333,177,58,66,6,6,6
735,79821788911754660389,57,35,43,2,2,2
736,53407844425413866201,645,19,18,2,2,2
737,48198796709792838081,16,25,21,5,5,5
738,29742211582970056021,46,72,56,3,3,3
739,73819400570350714637,28,40,48,5,5,5
740,15278337195910085045,2287,1209,2195,4,4,4
741,61367650387929058163,64,33,31,2,2,2
742,51804459031734591153,3168,4302,4058,4,4,4
743,43283815189231511059,631,15,13,2,2,2
744,64138323245587970749,22,34,37,3,3,3
745,91625121647479907001,571,14,13,4,4,4
746,78657163112386257195,931,162,786,5,5,5
747,69233299284682460169,1591,1069,1074,5,5,5
748,72676306127248751053,2544,938,1147,3,3,3
749,54957923846557984183,2756,1295,372,2,2,2
750,59123681006291098263,127,30,106,9,9,9
751,13614861270205340975,593,14,14,3,3,3
752,54650860758151317253,89,74,65,6,6,6
753,18307065320457630205,56,36,35,5,5,5
754,24397670321089720457,16,71,33,5,5,5
755,17397602586378118415,688,17,16,2,2,2
756,37361024622791232983,70,33,39,2,2,2
757,89465552905121678679,28,42,39,5,5,5
758,83084916313360585175,566,125,126,5,5,5
759,16036149654997935383,740,168,90,3,3,3
760,67775048664480761893,44,58,79,4,4,4
761,30208454880761572331,170,460,167,5,5,5
762,68332656097955810271,1011,1229,349,3,3,3
763,92999158787592781863,739,77,77,2,2,2
764,64191151576146181675,2936,4498,1418,6,6,6
765,79358195348186013053,56,41,119,2,2,2
766,91286430869024672781,747,88,85,2,2,2
767,45336922273133993607,41,29,22,4,4,4
768,90528510044480712461,1051,648,244,2,2,2
769,67522931503849454225,47,54,63,6,6,6
770,42464860764041183323,94,26,37,5,5,5
771,79445576094384448251,417,32,25,8,8,8
772,46351100904186373685,517,19,18,4,4,4
773,40689840199965306581,139,58,80,7,7,7
774,55513931224901727905,135,47,33,5,5,5
775,45230215750853406621,565,18,17,3,3,3
776,62370786594090583037,1901,30,22,6,6,6
777,18570266250388380441,553,34,44,5,5,5
778,52445624575535108077,3587,3095,1777,3,3,3
779,12295501161685251379,131,113,144,4,4,4
780,12387566363719613531,326,138,550,4,4,4
781,22982367808207896723,23,20,22,4,4,4
782,77732962938053562371,886,105,104,1,1,1
783,82146235471237265207,791,64,87,3,3,3
784,78770036342683385769,682,80,79,2,2,2
785,85444548182162538069,47,40,49,6,6,6
786,11691560600201294919,51,64,152,5,5,5
787,14503167893310998843,65,60,57,3,3,3
788,30252862185182128441,590,425,390,4,4,4
789,18068740179022346255,34,45,24,6,6,6
790,81722862268888182145,460,127,82,4,4,4
791,33004277790289443425,772,248,260,5,5,5
792,89345883055615616315,15718,18870,5939,3,3,3
793,29347391718463968397,2758,9964,27313,2,2,2
794,87406322967499572145,573,23,22,3,3,3
795,36595997319367468217,987,521,793,4,4,4
796,56860669108415162331,13600,32674,8298,5,5,5
797,57958971242626876367,4196,2973,1658,3,3,3
798,24826752794744961523,127,59,60,3,3,3
799,11850041295442512865,122,324,123,4,4,4
800,19612816862949429781,23,51,46,4,4,4
801,19003322185447147055,390,246,257,4,4,4
802,41033816658876693119,3153,1568,2125,3,3,3
803,11715550784412839279,320,72,476,3,3,3
804,89008682154228010129,34281,266700,60425,2,1,2
805,97110553067887548455,47,19,22,4,4,4
806,30560538273905513081,738,235,256,5,5,5
807,57726809082590082419,27,36,42,2,2,2
808,89113166441949263183,254,109,82,4,4,4
809,55531843154617091339,573,18,17,3,3,3
810,21022583988631855717,174,159,122,4,4,4
811,47606897904584843005,438,82,105,5,5,5
812,25578671105923237479,2347,1436,3422,3,3,3
813,38559411947206536929,81,118,55,4,4,4
814,94075444580211878291,31,36,37,5,5,5
815,23611953620502297243,695,181,144,5,5,5
816,91848095056331131581,523,17,17,6,6,6
817,54490298686258270385,145,18,20,8,8,8
818,53070427036597317069,27,24,22,3,3,3
819,26751802319830416007,759,115,198,2,2,2
820,26200850437376900473,897,642,208,3,3,3
821,23626457804143381803,36,16,17,7,7,7
822,33541040055794842905,5350,3941,3065,4,4,4
823,53348916943015546775,49,48,51,6,6,6
824,22523108109208408543,747,72,71,1,1,1
825,35623132125986582347,32,56,49,3,3,3
826,22087185996847463249,572,20,18,2,2,2
827,21089706238932913155,850,281,274,6,6,6
828,36934877026206619577,554,18,18,3,3,3
829,42934871930628426723,381,76,245,6,6,6
830,87257676063726784003,103,197,187,4,4,4
831,93067281503327485351,584,100,104,3,3,3
832,42218328554760592505,573,18,17,2,2,2
833,10894828880564133521,345,611,623,3,3,3
834,74205487806587075377,557,15,13,2,2,2
835,34047004381432630571,28,37,33,2,2,2
836,27660883893611076013,687,85,84,1,1,1
837,12846060771630411719,279,152,93,4,4,4
838,73166679889664564595,293,192,434,6,6,6
839,69831804004341838101,857,544,2012,5,5,5
840,30000712100699834649,634,89,74,6,6,6
841,30847396766381101093,615,22,20,2,2,2
842,29818505893884528369,633,12,16,2,2,2
843,70593264882267948677,173,278,230,4,4,4
844,56685913927210957247,1043,140,291,3,3,3
845,94313461447245967963,915,111,111,1,1,1
846,88429248055904114357,25,41,50,4,4,4
847,85194776583395312069,876,108,108,1,1,1
848,58189061060844876625,310,55,51,6,6,6
849,82144447873122595277,15808,24288,12136,2,2,2
850,93984165366037543163,623,13,13,2,2,2
851,14529388823473971063,25,35,37,4,4,4
852,50308633693219450899,27,26,25,4,4,4
853,16459275379782868343,929,246,30,2,2,2
854,13320523214141931531,238,286,264,10,10,10
855,96387940747765347819,218,212,269,4,4,4
856,90575054779596481175,72,36,73,5,5,5
857,92837382764703898001,557,19,15,2,2,2
858,84500847514225053349,2950,1279,2818,4,4,4
859,51412239425222735341,1094,694,3439,3,3,3
860,72357382983289008827,985,540,216,4,4,4
861,30054967444754581005,93,25,34,7,7,7
862,19338855044578013869,484,233,145,3,3,3
863,97627862322501959855,477,183,324,7,7,7
864,63989090455093312701,196,270,309,4,4,4
865,12906314811071187387,112,63,47,5,5,5
866,39446435199229039971,324,135,225,7,7,7
867,20136735154214201877,2716,1816,488,4,4,4
868,41093928577954692465,617,19,18,3,3,3
869,41681396604558333865,631,181,370,6,6,6
870,30095026499050410999,562,17,16,3,3,3
871,40301508504524402537,611,49,350,4,4,4
872,23745771270961770663,77,26,18,5,5,5
873,87844134141928694079,588,16,17,4,4,4
874,91311782611310032921,1681,2543,1000,3,3,3
875,66960399990669024513,390,44,30,4,4,4
876,88125243844631555073,11,20,20,5,5,5
877,50300989700921485137,629,17,17,3,3,3
878,72967406573287930215,549,14,13,4,4,4
879,71446701703835575377,35,33,49,8,8,8
880,47749454731195356283,934,540,355,3,3,3
881,85373851177472959879,231,131,81,5,5,5
882,92933482771745936431,61,48,90,6,6,6
883,41782595444258293399,722,625,231,3,3,3
884,38740194223534889315,631,18,16,2,2,2
885,74406395655388835285,53,71,27,8,8,8
886,86952510610943636293,156,64,70,3,3,3
887,25594273066818417137,427,375,319,4,4,4
888,95912599912580294993,26,46,37,3,3,3
889,87006311354363261383,2340,712,956,3,3,3
890,53574002212618071049,99,271,1476,3,3,3
891,79580308862061186019,34,46,40,2,2,2
892,82584191129027841849,1444,245,298,4,4,4
893,68056465837023148419,30,42,33,7,7,7
894,42369606455489934853,252,72,117,3,3,3
895,48490770736181477091,1396,122,585,3,3,3
896,63621091412356083663,631,151,204,4,4,4
897,56571311533405682201,1736,653,883,4,4,4
898,25398238836080575607,35,20,21,3,3,3
899,91734818960933193843,649,342,380,5,5,5
900,95910097813665433475,1746,143,71,7,7,7
901,27626662933019643043,769,82,81,1,1,1
902,52532214319490860743,24,19,23,3,3,3
903,46396323070117194311,904,181,58,2,2,2
904,22029896094423446741,749,74,74,1,1,1
905,79745026499714379633,139,30,59,3,3,3
906,40322351606428742769,114,23,17,5,5,5
907,21081586149662853003,22,33,30,4,4,4
908,97720240994293337669,64,66,75,3,3,3
909,51729568235896611725,633,251,277,5,5,5
910,65016815777600155229,922,145,276,3,3,3
911,54152328578651477401,11821,876,36689,2,2,2
912,37520362961161243255,24,26,25,4,4,4
913,52021091345554040025,762,362,373,5,5,5
914,54609144531601545855,595,32,31,4,4,4
915,42394904712780388361,582,200,210,3,3,3
916,64645105081662805105,45,34,21,5,5,5
917,34159153396287112057,6646,3800,5888,2,2,2
918,36272876545197376911,1384,777,701,5,5,5
919,88146306957541375507,878,111,111,1,1,1
920,82059584233253492523,484,28,72,4,4,4
921,49131470526346490547,753,210,91,4,4,4
922,23177039508680329437,153,27,47,7,7,7
923,84130174675479246073,227,330,187,4,4,4
924,11449340057001369477,606,13,13,2,2,2
925,18803958109433048391,668,348,303,5,5,5
926,75818243395067507733,1068,243,272,5,5,5
927,57475825207036648121,304,181,161,5,5,5
928,71529583876097321285,3549,2515,1189,4,4,4
929,45234279445712459497,452,317,314,4,4,4
930,41553868118338191973,651,21,18,3,3,3
931,52712777941174439595,260,27,33,6,6,6
932,13561293092611387433,1743,1767,3115,3,3,3
933,70541185688397381763,875,1036,7763,4,4,4
934,17555947380181583329,17,22,20,3,3,3
935,18522541185784175401,358,630,1036,4,4,4
936,71442533230772322459,79,53,83,4,4,4
937,99448082440923737303,100,75,94,3,3,3
938,63367792272459710711,3346,664,3699,3,3,3
939,65138681536256935873,79,143,88,5,5,5
940,75494347624684456283,306,37,34,3,3,3
941,68056613957785051555,1699,959,2292,6,6,6
942,53525981291650255257,612,25,30,3,3,3
943,47088785183902385905,2095,1978,1821,3,3,3
944,88118815282323024841,974,115,136,1,1,1
945,66190622173034513659,623,111,93,4,4,4
946,81552012365876410143,605,16,15,3,3,3
947,67636848829539492011,248,453,198,4,4,4
948,99503390219845175387,363,150,115,2,2,2
949,63918902770553159719,1541,1390,497,5,5,5
950,87220063919852467501,71,48,65,4,4,4
951,84713936908358796367,524,14,16,3,3,3
952,47409190346409896765,75,70,48,6,6,6
953,66930974793478783801,494,125,251,4,4,4
954,63403027285650076247,36,26,70,5,5,5
955,27065428442033565715,2111,1135,2130,3,3,3
956,67098824012482782309,837,2031,756,4,4,4
957,17698179444153902065,805,69,108,3,3,3
958,73662202005059079755,11,22,19,5,5,5
959,77640470360673579783,632,17,16,3,3,3
960,42026773241829987853,162,40,47,4,4,4
961,71368700637438830973,69,24,19,4,4,4
962,88960320068647450867,3368,1844,1947,3,3,3
963,77681465138146786331,927,448,674,3,3,3
964,98644126368573817827,289,142,130,5,5,5
965,75915951392055160549,1667,806,944,2,2,2
966,59532996166982846049,558,33,28,3,3,3
967,13286047401087776131,607,12,11,1,1,1
968,12221857999653739031,20,25,26,4,4,4
969,90518827659272685569,92,31,23,3,3,3
970,60839001054152782415,76,265,64,4,4,4
971,42925510157868274625,1139,30,25,7,7,7
972,29027827995014972019,48,39,39,6,6,6
973,70664809132767069735,42,21,22,5,5,5
974,47382429017405332197,489,16,15,5,5,5
975,54614127586638109575,196,69,121,7,7,7
976,86806675354305174563,810,100,99,1,1,1
977,59508571443529242587,3227,2559,7317,3,3,3
978,51717549116529631233,884,192,131,4,4,4
979,89045554840257673459,613,587,1563,4,4,4
980,19482781110884145765,647,54,84,6,6,6
981,45813173096989030999,535,23,21,3,3,3
982,39562760814092723281,834,86,85,1,1,1
983,39556490864887789787,139,76,85,4,4,4
984,98144479754388338737,538,20,19,3,3,3
985,78589739577080007513,27,23,27,6,6,6
986,41536832641416350537,73,37,65,5,5,5
987,98151814945763858431,518,74,67,2,2,2
988,38309158237525439561,586,20,22,2,2,2
989,54296591064010693805,147,120,97,6,6,6
990,58673871986714222489,1472,792,973,2,2,2
991,38755373280592315687,304,408,202,4,4,4
992,59898246531363134787,102,64,60,4,4,4
993,32966247693933958277,628,722,656,3,3,3
994,34974937850763230875,46,39,72,7,7,7
995,47973840922691026617,612,18,18,2,2,2
996,65903598204035352551,596,14,17,2,2,2
997,44614992709369084977,225,64,30,5,5,5
998,37701202008831629217,263,68,34,4,4,4
999,71896273580709102865,20,25,18,3,3,3
1000,37355106389434815701,382,169,110,3,3,3
