run_id,n,aqg_us,classic_us,gnfs_us,aqg_factor_count,classic_factor_count,gnfs_factor_count
1,237143957490505920910664571683,5154,10967,8828,5,5,5
2,848320513250477866954003171201,38424,54051,51319,4,4,4
3,922058100771383213405439454191,469,167,166,2,2,2
4,460246567792764657646077132233,1483,3420,2446,6,6,6
5,237319814367890848131635097549,20737,12935,20199,6,6,6
6,226805711058625519884877159199,357363,320953,322505,3,3,3
7,414423471031752718117374410867,343144,344195,347233,3,3,3
8,356570512992104726988334616643,4480,7211,6564,5,5,5
9,275974888000582998028932410305,1286,1401,312,3,3,3
10,756671689557070915525072195193,384329,371398,394777,1,1,1
11,387435188151074116397684826847,25414,7701,10854,3,3,3
12,434900688091147835345953529239,15461,386815,388213,3,2,2
13,517024798538246098203463181967,382799,382918,410469,2,2,2
14,187011298753780815481091879947,184,207,199,2,2,2
15,213244607163314351973454385065,1158,745,1037,6,6,6
16,709253021284952856556795001755,90588,24229,79875,5,5,5
17,354764990380073720383846094213,183,195,163,3,3,3
18,332745972893978634213889881215,162,185,182,6,6,6
19,447273147316793002792834919763,1547,511,567,6,6,6
20,733040094724153277857183628877,161,161,162,6,6,6
21,689256231005532765611610256015,34687,45897,58281,5,5,5
22,303769848028568189391731765471,16670,23769,25819,2,2,2
23,370922089064169630034803793683,1109,1520,869,6,6,6
24,362196079262916166115609706693,42433,52920,117919,10,10,9
25,479300310922610750426123321569,10536,13824,5312,6,6,6
26,164350102653584766518060690137,1222,806,963,2,2,2
27,875222323540018952343822907835,496,180,173,3,3,3
28,283596727103229740538080618953,4184,6662,3270,6,6,6
29,725454075389957619710011233693,838,1151,1124,3,3,3
30,101297693650534763430448183973,18214,8238,13394,4,4,4
31,169661827257941921964798849603,360114,356675,354670,3,3,3
32,190644792495920892168823302949,875,375,921,2,2,2
33,307644007542193290440775865279,952,752,629,2,2,2
34,969561010404612225308179527643,302804,305633,314089,4,4,4
35,334445500507455512648801528281,678,1670,914,2,2,2
36,886495221718444883222869030671,7704,5243,7447,8,8,8
37,349730238828079811000742572603,1389,1268,1207,4,4,4
38,799704463531680777120415082057,688,536,356,3,3,3
39,368207282151680086267071497093,28151,59249,39465,2,2,2
40,135354829841117600115827415797,144,191,218,8,8,8
41,525557702788195141198265435437,1207,1907,1182,5,5,5
42,173975489382204939158481240793,1020,960,973,4,4,4
43,877958214110817655942994805211,526,186,189,2,2,2
44,351428890796960136170858026461,719,520,617,6,6,6
45,850978872332657198538104590547,2055,1780,1661,6,6,6
46,437829617875401517395716721051,4722,11950,3996,4,4,4
47,967041492659206402345489655123,43547,319965,391999,3,2,2
48,218411358299701160646193493809,13460,4746,3922,3,3,3
49,419085921078133716331710003593,2647,6096,1894,4,4,4
50,227347071175879294100244768315,814,574,944,5,5,5
