run_id,n,aqg_us,classic_us,gnfs_us,aqg_factor_count,classic_factor_count,gnfs_factor_count
1,98653035139643050716982825497620960721005675843281,1237,411,383,1,1,1
2,86298716122680390525956713746935716600329215559887,1351,394,392,1,1,1
3,30834886416764524677792625547725155301325063609767,1726,406,411,1,1,1
4,10866725418296279557270972481028792655577108380741,1198,434,436,1,1,1
5,85273773586137212637175572630556808921610942542497,1166,398,397,1,1,1
6,10999457873009022262190541289735444887625195871897,1213,466,442,1,1,1
7,36239614448266841977887029778028604290263560135419,1183,434,427,1,1,1
8,22467419379713866459365174401043956601923818883851,1118,374,370,1,1,1
9,17992916929146193477646269346561007942915897759547,1150,397,397,1,1,1
10,38909954917080210265238490590315740855777603382293,1151,398,400,1,1,1
