run_id,n,aqg_us,classic_us,gnfs_us,aqg_factor_count,classic_factor_count,gnfs_factor_count
1,66047027220939873135366173302029679964587679782903,15409,106239,11983,7,7,7
2,23680809913498666088791529652761143024511984317281,1504,1638,1110,5,5,5
3,12130618980740349506682622321138550868179718528585,40316,29641,20037,5,5,5
4,63058990258258562609098631973912518960797047554557,687,1477,1230,6,6,6
5,93119320044878302386642204245002778075369983564321,1102552,1061047,28093679,1,1,1
6,40583482010262271387731233300598007050418112881813,1010181,1005539,26331267,3,3,3
7,58509802660879436515255077646441935549379124884507,599,556,660,2,2,2
8,34698110992749618263941761759210986063711066495069,19543,13300,6551,5,5,5
9,27515574271588026595466706730925543240660232146359,3900,2674,2760,5,5,5
10,35349475479125189628495860938612721459585317499701,2236,1345,580,2,2,2
11,64826221936141495992860747538934048234477162375101,1000457,1032787,27691795,3,3,3
12,68625821894842507104197083508586026415071093184525,1574,1329,1435,9,9,9
13,95865570959784097336452326266656424633976209922245,2092,1355,2300,4,4,4
14,40736102962295143671498770221513941994733017682253,600,821,888,5,5,5
15,50110282966828200891362231354290152635056412703957,5984,9055,1536,7,7,7
16,87138167126250172034305701544144830129416807913167,42758,126664,74830,6,6,6
17,93649311048339286829224431986366496310992614546691,485058,713498,11051646,4,4,4
18,42261547636310416951671497390001529326142941133647,956539,946492,25394342,3,3,3
19,84636892503616993536839890999613346908984097914429,1072397,1078280,28150930,1,1,1
20,92000451947124349238551902518274854260093368471653,239959,836076,165941,4,3,4
21,97925315275150450029075293229797095402113815924381,814,925,797,4,4,4
22,54296110931660777287446471045058577958679504854801,46736,74068,43725,7,7,7
23,62929623616337414403165255799060749810856785506293,793810,892770,20196763,2,2,2
24,47049097813213765122364182752284052182057137093971,1326,712,479,2,2,2
25,15557616737573633954296628781303385326985448055571,1859,5499,4539,2,2,2
26,44094900791861519663918280261395922000919304069207,28247,44110,70042,5,5,5
27,30826151575988869132636662776426049661176733216345,358158,367083,4763106,8,8,9
28,67342782052607859497909268295147991965794737441363,429300,421979,218930,3,3,4
29,16276241001415125685582599252307674537600829432017,627786,622964,16573934,7,7,7
30,67561482677143751818722513961453453765998521190159,704024,1007040,11851329,5,4,5
31,95390103989508929905712833871002467661775609358783,759,574,613,8,8,8
32,10806761959959957064090086147830803368089536526163,437690,438914,11492018,6,6,6
33,57358891912324222992366482676171830003163522209113,173866,921785,272923,3,2,3
34,46645222327204708407102429894787994089480738587235,423943,425738,11318166,4,4,4
35,69084426307349364843097902988120003645218389519213,759451,778706,17287034,3,3,4
36,57871116084542329502597790401646403613262087192465,876298,877671,23490049,6,6,6
37,52374177664689294228347897092821747866339609169789,566,615,631,8,8,8
38,65926931953327056053025804433733755334338946580931,410870,416039,11040467,4,4,4
39,98875736167641242364060851787137205313173551983537,412667,410454,10955048,4,4,4
40,82816224128685289709237680737845153840491553972027,777919,784175,20717113,3,3,3
41,23757924936244178414621371522126841893457547296761,496381,428476,1757641,4,3,5
42,95191716517761109518898169114483935159770444463941,2439,933,2354,4,4,4
43,62011649739766068692885534697557281625282393779299,848297,802948,252233,3,3,4
44,18717010047454872495273849985006699970496846657799,793,659,574,4,4,4
45,74327871154541877534927442292089488209497551223449,989029,986496,859583,3,3,4
46,14253230308789382419622234430497586054897867617371,912733,907257,24496653,3,3,3
47,10259574403666937827367452135714192633209078009737,857364,857360,4384947,3,3,4
48,96907522145452228791143460172727597292832292951427,716840,719129,11683176,6,6,7
49,61579096293850416309144565328861220149096068665647,29156,28195,8800,3,3,3
50,31996622224250510021801660960346755871339959482575,702008,698761,19002299,6,6,6
