run_id,n,aqg_us,classic_us,aqg_factor_count,classic_factor_count
1,149572765252767641195004204308614714333204525019740399156213,878570,883053,5,5
2,827514578663419422538532914629021733446295639668084679820563,890354,888292,5,5
3,554196935181601179567647506538842348276263281366525782897465,1256094,871747,5,5
4,387178243370939819264797202317075721487965969153830677935447,1103152,1109666,3,3
5,466078521478495190164633712231698170394833464898469618352151,1079503,1096989,6,6
6,620783134655706352377362591798056138723731120261409946681423,548637,485456,6,6
7,939192995319995938367353111340500879854380473466761416224549,1008886,958319,3,4
8,444314949273397683071599836638380149422624642363830496707871,831964,843350,4,4
9,706920793535244154496276194264489279122802851486631326554407,178773,74304,6,6
10,448951848402929059306434135917344826897512181818737021847737,1180985,1963839,4,5
11,439185162103358920167645795768967706956750312654157225293299,18365,10637,4,4
12,527563879457843962969337444173306152326355253025947946913195,1590908,1574850,3,3
13,210730194250958590421784269141130206207886758889542640399315,1565823,1523002,3,3
14,852684049628518548248472157719618844842349908746667379037419,1224460,1212774,3,3
15,198930136130908219466119871395046942552721338475870192700733,548,702,3,3
16,642851208497833149703971352443661373090962053253589015918327,1269632,1281602,3,3
17,423686341513941915634059031913640705038692408336572856645107,5722,19835,3,3
18,688227224260254158493401211285114617065362683728035821291739,1280,399,4,4
19,668389767819691946103740345787390645735475006963488483744989,1290426,1273806,3,3
20,892048244585439063580122196159258451525368443644885065933537,1281171,1298842,3,3
