run_id,n,aqg_us,classic_us,aqg_factor_count,classic_factor_count
1,2715269959428131573264280870583432610493505752175467856531090729785835,25279,15863,4,4
2,3477050655228950551958982974388671574586799204013553094104370776151265,1573137,1563158,7,7
3,7555200871326625870239327499419016385622130012863603482928554132246541,1778981,1791494,3,3
4,2253248419534528950762075315913366585013134698467390115777580316644211,1720516,1722250,3,3
5,9788099546405974246261294816187438124308772362896587299904451558574763,1700831,1701376,4,4
6,2308921113036325422030430597723867405027240942431298993773732351423071,1620345,1620625,5,5
7,9295226470844104798566937540689359533357210006800351452413633773173857,1561691,1560162,3,3
8,9476723530311842954802375057953204194289479277745662500092417944941519,1198711,1205512,4,4
9,9769138573662779417488285956504823446424168725561722741613912744337961,1579283,1555430,3,3
10,8479459185548146520261477395012265315744376562079610926816017154918955,1713168,1730695,5,5
