run_id,n,aqg_us,classic_us,aqg_factor_count,classic_factor_count
1,568143253641211101326603937161,2453,926,3,3
2,358622349219544784552265824689,84626,348535,3,2
3,528516589750657021142834683995,10023,1770,7,7
4,746336950014663437036652043577,584,1935,3,3
5,707865846449462975206349853481,19455,198368,3,3
6,342511181149056933437834429971,375,449,4,4
7,812113437011290691197594167063,10662,10351,8,8
8,328004879497932076782980416255,1429,1500,6,6
9,498763336871045209189261030369,161,199,6,6
10,384763014366642684747026549637,450,171,3,3
11,779796881053995644242125378423,355014,352513,3,3
12,939584378536585714498291762239,164,194,6,6
13,710887535026846491904271213637,1000,2168,8,8
14,782467675053131193781976887627,449,148,1,1
15,418332914016982321502141734319,360848,361105,1,1
16,952463776519328117959011489859,348323,348539,1,1
17,314084348026731153560775118701,1117,630,7,7
18,542398463230446779116405663405,2094,1154,6,6
19,718425024075779561056211547519,427,150,8,8
20,790804072810588541930910367939,54036,248849,4,4
