run_id,n,aqg_us,classic_us,aqg_factor_count,classic_factor_count
1,66967642092512040917,952,109,1,1
2,49976351372917159789,1449,1015,3,3
3,83018939193434772233,7822,32768,2,2
4,54094375328195591967,757,224,3,3
5,24649967363977224245,479,29,5,5
6,83636211302987739823,646,21,2,2
7,12223954170312289355,600,19,2,2
8,88471659963116624807,618,108,2,2
9,89725687507989815945,595,133,5,5
10,47314759497371724445,6487,4136,4,4
11,61548049669629309061,571,91,4,4
12,74982122666777562443,16,19,3,3
13,78160909823148310357,25,47,3,3
14,68705875945842660343,2278,1679,4,4
15,67249660983728179417,270,299,4,4
16,43154798689833774567,131,209,5,5
17,67215563617075898987,77,118,5,5
18,27932053095728940785,3075,276,4,4
19,49118519462720373887,1816,134,3,3
20,51953043803054919037,485,253,3,3
21,94234791726368146159,1558,697,2,2
22,20150455878568695661,67,53,3,3
23,17300850377629215337,487,47,2,2
24,62049365257134117827,5007,32332,2,2
25,26818020430798139067,430,255,5,5
26,55637642681486680097,21,43,4,4
27,57876034059673606373,2453,2142,3,3
28,66724375137099637861,9921,10457,2,2
29,86769146911897097743,412,151,4,4
30,19835841087673193659,72,56,2,2
31,72226473703572379849,2078,1330,3,3
32,11060541879853933081,479,542,3,3
33,42343287829636169799,545,16,5,5
34,17586657880355663609,1215,934,3,3
35,56456858693586853443,324,275,4,4
36,58720738978275266063,824,102,1,1
37,72165444169172390077,336,282,4,4
38,70909743729093412335,115,251,7,7
39,53870561491491887029,145,85,5,5
40,54349573764342770919,183,156,7,7
41,85033023814789030553,40,30,3,3
42,40892647383839359713,63,41,7,7
43,98285036206868640857,510,991,7,7
44,24422398081227730291,53,43,2,2
45,70855564378234029913,1025,109,1,1
46,42847513687430831227,6358,7762,2,2
47,29046477213775805833,24,47,3,3
48,36762770161146502505,196,182,5,5
49,17935825350436723427,3374,3370,2,2
50,59715066858701526343,94,28,3,3
