run_id,n,aqg_us,classic_us,gnfs_us,aqg_factor_count,classic_factor_count,gnfs_factor_count
1,223627434326381891132467136988567500830791488244286070939068973905954898185641300553955005,2500357,2403699,64857092,3,3,3
2,552297211567664360676073490851005517805085670445387351184476974951155918391228637492734375,2192256,2284128,53191818,9,9,9
3,970493259105011078727945735045233807612208794531606280645947540495615625964349351229115941,2587459,2555138,66735064,6,6,6
4,256809775033158335791424737704607474039224205182815685681334006030661965881958610958534531,2494518,2431367,64995686,6,6,6
5,728351945794528777825174492324874760749011551302808030658334101202027367106865504001526107,53289,1289,1258,2,2,2
6,325717518176855904463431927250549732927741306883831271862576971633840548271420549384151333,2118014,2030873,52552826,4,4,4
7,421454122394706954845980573764331284469049058975767301671316679790665191646328175681214537,49789,1209,1193,1,1,1
8,279957042252379267526519444867377963701407084806171629578245331839569057813005607771406573,2502543,2492903,64231598,3,3,3
9,100932568301436639682030014831255675719858632052862832234637428539182213637006036803580419,58873,19025,14803,3,3,3
10,665040951769506750655719309352927644537616416642113364175120932929136993252161898056376015,1587,1709,1650,4,4,4
11,839999050757401944519426765100372257895553326781561055235827997903176383156270987507656051,2408559,2361484,63344710,3,3,3
12,327154860134247928065033975994644528369004724662263234851637980903469907909348148903315371,2685739,2626817,70808609,3,3,3
13,204199273371134380903567966815916840838862983674132350212929503940032274067037217249992115,2595519,2582129,69042418,3,3,3
14,115614108727677001548468774407310400089100007258141472249695735032201689986596173490273611,2611264,2471966,65561462,3,3,3
15,779269557995019797623080281465334085613486052144956404781754649779455414553071408818223145,2517711,2471393,1161063,5,5,6
16,543666883193711540187324448946223532864447095761837512364278384412718909344103931633654147,1928820,1939531,50123835,4,4,4
17,768622682883624821970603264577479023952158859650362075347111427970274763006515840452523865,5581,1906,1725,4,4,4
18,733574356762155450521428859454177903066268862480287411345003425614199930402928861523820609,51224,1427,1389,3,3,3
19,878144446319235113796348205252362454632803709566237993438692810234838218522111954271716781,2504443,2492373,66221277,3,3,3
20,750256561504186884760125678090358417227028794706256038465651132231371981493527924226632773,2528521,2498693,65809912,2,2,2
21,829588427415766778461683529338736185097965899869947854952694610607576542112452740349247211,2712256,2667040,70901123,1,1,1
22,585569360899161988312105282638447255736041753888843503080998731652211610052042629260325773,94769,171993,353307,5,5,5
23,463981172497868760159686026289665755137894965201373132497360772392257536383074100939996579,2743188,2704823,72061243,1,1,1
24,435109865030766032818989673564266829704059792955059388259419107242853810962417483629738403,2588,3077,2705,3,3,3
25,341483957185421990099988796337826188492307635514630692178368939172943418473548019319309903,2687908,2620361,70703657,3,3,3
26,494930839649861163200422908419407549470952561190973485193798434311392280430054749165660529,2595788,2562192,68566849,3,3,3
27,103759688648897056248828905316967885378909769970449808244691975522608803659584814650286387,2492219,2466816,65604592,5,5,5
28,137221350705705088076693998053084150435634151243322290712763281485694140847548322890219217,2516727,4271019,51684427,4,5,5
29,801729351661719574255489462046279258861331359149676460751016781917121668577527540871761027,2738692,2699267,71055006,2,2,2
30,474455739500127911517102981427238148393166901316322670222317225182380965197737391237060145,1878787,1887307,50075449,7,7,7
